{"model": null, "reduction_technique": "LDA", "latent_features": {"matrix_nxk": [[0.009998925077134693, 0.9596891767850237, 0.009998925077134693, 0.010314047983572315, 0.009998925077134693], [0.010630747965598677, 0.9571587900719736, 0.010630747965598677, 0.01094896603123018, 0.010630747965598677], [0.009436723265037573, 0.009714812841190688, 0.009436723265037573, 0.9619750173636966, 0.009436723265037573], [0.008680795742892796, 0.40770195936104575, 0.008680795742892796, 0.5662556534102758, 0.008680795742892796], [0.008046678545663414, 0.9675414717121628, 0.008046678545663414, 0.008318492650847232, 0.008046678545663414], [0.009253363425328618, 0.19741838265671405, 0.009253363425328618, 0.7748215270673001, 0.009253363425328618], [0.01082770283868352, 0.9564384454227117, 0.01082770283868352, 0.011078446061237434, 0.01082770283868352], [0.008984909748904348, 0.5447836169979278, 0.008984909748904348, 0.42826165375535924, 0.008984909748904348], [0.009747368166869282, 0.01004488401757816, 0.009747368166869282, 0.960713011481814, 0.009747368166869282], [0.009713093377275503, 0.010003935651346805, 0.009713093377275503, 0.9608567842168266, 0.009713093377275503], [0.010695625442446557, 0.9569219486393294, 0.010695625442446557, 0.010991175033331043, 0.010695625442446557], [0.009113473682666417, 0.009427426314740264, 0.009113473682666417, 0.9632321526372606, 0.009113473682666417], [0.010049793243214375, 0.23186926590492174, 0.010049793243214375, 0.7379813543654351, 0.010049793243214375], [0.01142631746982272, 0.9539710832117938, 0.01142631746982272, 0.011749964378738447, 0.01142631746982272], [0.009842235798590298, 0.9603571969984662, 0.009842235798590298, 0.010116095605762977, 0.009842235798590298], [0.009551295806997349, 0.9615248282441428, 0.009551295806997349, 0.009821284334865293, 0.009551295806997349], [0.010531861703961112, 0.4788302267933772, 0.010531861703961112, 0.48957418809473946, 0.010531861703961112], [0.00987483362775904, 0.1911857047334108, 0.00987483362775904, 0.779189794383312, 0.00987483362775904], [0.012068799441443278, 0.951441142764596, 0.012068799441443278, 0.012352458911074391, 0.012068799441443278], [0.010452177271812602, 0.9578306081833046, 0.010452177271812602, 0.010812860001257658, 0.010452177271812602], [0.009806263933781388, 0.010104621333634831, 0.009806263933781388, 0.9604765868650211, 0.009806263933781388], [0.010262883385821363, 0.9586334414535183, 0.010262883385821363, 0.010577908389017756, 0.010262883385821363], [0.009471200890781559, 0.0097844046648778, 0.009471200890781559, 0.9618019926627775, 0.009471200890781559], [0.009954318601006837, 0.9598971770255078, 0.009954318601006837, 0.010239867171471894, 0.009954318601006837], [0.009277767171887634, 0.9625665403799981, 0.009277767171887634, 0.009600158104338785, 0.009277767171887634], [0.010227714736611833, 0.9587947423186577, 0.010227714736611833, 0.010522113471506887, 0.010227714736611833], [0.009925848420913016, 0.9599886356391493, 0.009925848420913016, 0.010233819098111654, 0.009925848420913016], [0.00987092849758435, 0.9602312651069181, 0.00987092849758435, 0.010155949400328664, 0.00987092849758435], [0.00953016654098523, 0.009860814945455166, 0.00953016654098523, 0.961548685431589, 0.00953016654098523], [0.009060687362627903, 0.009337600099056433, 0.009060687362627903, 0.96348033781306, 0.009060687362627903], [0.009239281684521664, 0.5455899850142489, 0.009239281684521664, 0.42669216993218606, 0.009239281684521664], [0.011648595168842925, 0.9531227363267198, 0.011648595168842925, 0.011931478166751724, 0.011648595168842925], [0.009622403063238421, 0.009962985856592907, 0.009622403063238421, 0.9611698049536919, 0.009622403063238421], [0.009622469388991261, 0.9612124317988008, 0.009622469388991261, 0.009920160034225287, 0.009622469388991261], [0.009208637254866984, 0.009506315447497691, 0.009208637254866984, 0.9628677727879014, 0.009208637254866984], [0.009952849003598172, 0.9599410034437678, 0.009952849003598172, 0.01020044954543779, 0.009952849003598172], [0.009703166965881239, 0.9608809793655562, 0.009703166965881239, 0.010009519736800119, 0.009703166965881239], [0.008986268461799535, 0.5088461223572759, 0.008986268461799535, 0.4641950722573256, 0.008986268461799535], [0.008257614140100329, 0.966676818117342, 0.008257614140100329, 0.00855033946235701, 0.008257614140100329], [0.009886917778256317, 0.01016255122304824, 0.009886917778256317, 0.9601766954421828, 0.009886917778256317]], "matrix_nxm": [[1.0, 0.848312760980027, 0.8708551933588528, 0.921685083703383, 0.9389773622667513, 0.8596917419166622, 0.9061933785992726, 0.919870973526616, 0.8457899872869746, 0.8510784364097556, 0.9301865134063391, 0.8661816247340673, 0.8501082771664478, 0.8631291312760726, 0.951551014931527, 0.9847457248425835, 0.8314806311977558, 0.9421481236274062, 0.8696859180361658, 0.8394271935909072, 0.8874249561857234, 0.868580502781313, 0.8949960901276882, 0.9667132212972318, 0.8493043628950784, 0.8940822327221325, 0.8597171788771598, 0.8664474203241458, 0.8926951394319064, 0.8381581836723974, 0.8458403678990991, 0.9230886059703746, 0.8542883384148036, 0.8742994061788592, 0.8545705186042084, 0.8996318184391358, 0.8617840424113735, 0.9534446207662909, 0.901045373655135, 0.8708258080412409], [0.848312760980027, 1.0, 0.8307110871371577, 0.9142304196472393, 0.9101781099674671, 0.8716616259439071, 0.8927734329065252, 0.8768624165889675, 0.8241056442957388, 0.8532435744959814, 0.8440549977409015, 0.8861887616306575, 0.8443001781226752, 0.9000618095678193, 0.8669174298274335, 0.8529010343430456, 0.890444018152541, 0.8368961630781695, 0.9056561679457977, 0.9156004455827531, 0.8248713674374385, 0.875499836162034, 0.8502639367491279, 0.8594147356319735, 0.9536151113812859, 0.9017306714559608, 0.9267441895031157, 0.9241044618961076, 0.8579427171964582, 0.8543060043020927, 0.9386695153650935, 0.8405524030047399, 0.8551353999480112, 0.9717180257178062, 0.8737005163836351, 0.912913823753889, 0.8936793711886882, 0.8648664586936127, 0.9201255634691764, 0.8305982958715197], [0.8708551933588528, 0.8307110871371577, 1.0, 0.9122569072741235, 0.9193174477146835, 0.9397790781105212, 0.8068157815828174, 0.9234492255142763, 0.9818933058801373, 0.9673173840438584, 0.8494511511662137, 0.9711122146229981, 0.9042390210811464, 0.825570836410501, 0.859554615277419, 0.8579148792959077, 0.8843197930774542, 0.9009776537294895, 0.7942753691465081, 0.8624814617310935, 0.9466999486717049, 0.8634220722893533, 0.9451695899061611, 0.8646618513845813, 0.8599305811545493, 0.8423149941959347, 0.8495989866825125, 0.8371980590714326, 0.9204450179542081, 0.9763795343734764, 0.9064615189622688, 0.8285125350666719, 0.9710673972465643, 0.8593940646458739, 0.9762354515778013, 0.8338001913541039, 0.8646933070214999, 0.9085010491793475, 0.9203019890325108, 0.9638419339510963], [0.921685083703383, 0.9142304196472393, 0.9122569072741235, 1.0, 0.935157129620943, 0.9097517928501664, 0.8733164304272205, 0.9313699323543285, 0.881619579927805, 0.900815072535885, 0.8396270164513703, 0.9109786702517066, 0.9207397528665683, 0.8587628949120389, 0.8595202721340434, 0.8971181421196922, 0.8773408288282709, 0.9713106010537996, 0.8678510015771859, 0.8891558408709791, 0.9428230176167571, 0.8723920500437172, 0.971806634713077, 0.8760136719432027, 0.9308518214672833, 0.886201275322508, 0.8860265743779984, 0.8855599320721512, 0.9447263175271534, 0.9041779786343396, 0.9371711639618028, 0.8483779046472761, 0.8697847166205553, 0.9113487610912128, 0.8975308501962109, 0.8758369637382984, 0.8715683525209779, 0.9703090603019643, 0.9196880395419692, 0.9181096491411196], [0.9389773622667513, 0.9101781099674671, 0.9193174477146835, 0.935157129620943, 1.0, 0.9269203462869506, 0.9028850830359652, 0.9059155951588735, 0.8974756626888721, 0.8883561280981944, 0.9377762367460982, 0.9079686570393811, 0.8988790886170729, 0.9110699092234672, 0.9447407782269619, 0.9491270632621395, 0.883520495636989, 0.9037422553522836, 0.8690670365225497, 0.8824863394505839, 0.8909986235009894, 0.8754550545242955, 0.908316118898182, 0.9594591064451339, 0.8960003112607127, 0.9233883774709629, 0.8877721953712278, 0.9129191465740596, 0.8956677490595176, 0.90783498816025, 0.9307796691390129, 0.9144491811694967, 0.907446865270754, 0.9387270164692717, 0.9296371872620688, 0.9279164770057448, 0.9085351501867278, 0.9133109251868999, 0.9441045750634224, 0.892207407807877], [0.8596917419166622, 0.8716616259439071, 0.9397790781105212, 0.9097517928501664, 0.9269203462869506, 1.0, 0.86576508399831, 0.8392443066643819, 0.9399961657030663, 0.8782133348962087, 0.8699874833877842, 0.8881739439696106, 0.9648309383546919, 0.8126822351134806, 0.8745921194235429, 0.8777806118961041, 0.9612814484883253, 0.8919711130772018, 0.8599760707131896, 0.9446945074760408, 0.9055708944476585, 0.8689066572711959, 0.9305638796630824, 0.8734371060235219, 0.921444545713763, 0.8371090872221086, 0.9319496226100715, 0.8492313227656907, 0.9100125807809712, 0.9654647973286511, 0.9679339389813256, 0.8478521089107529, 0.9234291367105087, 0.8558073558314973, 0.9233529676549553, 0.8491900903519876, 0.844839915693207, 0.8753814502016507, 0.9116820280385355, 0.9201808952122784], [0.9061933785992726, 0.8927734329065252, 0.8068157815828174, 0.8733164304272205, 0.9028850830359652, 0.86576508399831, 1.0, 0.8782807354569362, 0.8029142690359139, 0.7929362623479387, 0.9058952176501027, 0.8129286086544114, 0.8797333880374638, 0.8498781496010275, 0.9002480583797399, 0.9269348899424823, 0.8888335763718036, 0.858283843947515, 0.9901545682919517, 0.8909684036914611, 0.8004772943890851, 0.9621652791350187, 0.8461932065320769, 0.9039865377034225, 0.8994441112989632, 0.8835551014414846, 0.9144961605592901, 0.8832789369919959, 0.8544248919016717, 0.8155287231804166, 0.8751728191973193, 0.9587748453064937, 0.833338227569843, 0.8810406181257577, 0.8212724020884696, 0.9702305301106391, 0.8659753902663464, 0.887998581955246, 0.9257170361778443, 0.8139401433280572], [0.919870973526616, 0.8768624165889675, 0.9234492255142763, 0.9313699323543285, 0.9059155951588735, 0.8392443066643819, 0.8782807354569362, 1.0, 0.8963887638677408, 0.953768630772427, 0.8648583377358382, 0.9612728355476966, 0.8431002215667234, 0.8934434097757832, 0.8861765853543182, 0.895806938343062, 0.8404541593336179, 0.9243191301806429, 0.8707096524227285, 0.8457944618336042, 0.9134893191976611, 0.9101681281406371, 0.9085249432077678, 0.8879515434908011, 0.8803556372701675, 0.9024103067406041, 0.8543777722613625, 0.8999921435873053, 0.9057559488707703, 0.8891457061216291, 0.8558850519435123, 0.8733989391878721, 0.9274365492785472, 0.9051556479345972, 0.923399668104388, 0.9017371237178259, 0.9138527706805453, 0.9669059016397972, 0.9408832526606329, 0.9154223342549604], [0.8457899872869746, 0.8241056442957388, 0.9818933058801373, 0.881619579927805, 0.8974756626888721, 0.9399961657030663, 0.8029142690359139, 0.8963887638677408, 1.0, 0.9696865096609594, 0.876719458601994, 0.9594976478164161, 0.9146363234734043, 0.8514695655991917, 0.8697390983228575, 0.8537388488531332, 0.8822571101503933, 0.8738176073900085, 0.7922656390284447, 0.8734245135818948, 0.9492418724338679, 0.8697868897961633, 0.9230032182734377, 0.8561856359444697, 0.8629524371421219, 0.8457186110822791, 0.8610888617016861, 0.8489601906466278, 0.9018942833170559, 0.9910434732208986, 0.9065295614543429, 0.8476618024252687, 0.962606442363534, 0.8605429043905293, 0.9593087164565842, 0.8351113169783528, 0.8879862547808985, 0.8706203079920642, 0.8861026686299, 0.9438388658075089], [0.8510784364097556, 0.8532435744959814, 0.9673173840438584, 0.900815072535885, 0.8883561280981944, 0.8782133348962087, 0.7929362623479387, 0.953768630772427, 0.9696865096609594, 1.0, 0.8475806174621705, 0.9905920416370513, 0.8673468481627613, 0.892834702269701, 0.858087814374975, 0.840294679972287, 0.8522776855696087, 0.8872967172110533, 0.7878313630266752, 0.8457564811808894, 0.9525556759070651, 0.8655482789600115, 0.9168218681959494, 0.8456137170992237, 0.8668418439774894, 0.8771541076511936, 0.8431043889965464, 0.8850184047569483, 0.9075113811285094, 0.9593915654072291, 0.872859667921419, 0.8204919133555452, 0.9575182558911739, 0.8952638693483628, 0.9666358898467122, 0.844113384524263, 0.9209010757679914, 0.9037106694502705, 0.8968731121883875, 0.9497439533069962], [0.9301865134063391, 0.8440549977409015, 0.8494511511662137, 0.8396270164513703, 0.9377762367460982, 0.8699874833877842, 0.9058952176501027, 0.8648583377358382, 0.876719458601994, 0.8475806174621705, 1.0, 0.8541009153956904, 0.8568463597589764, 0.9187896156483761, 0.9868680437281651, 0.9699212579070458, 0.8366855791447162, 0.8453159437071158, 0.8676232138808909, 0.8690490342559549, 0.8437881694680129, 0.872030747967114, 0.8168496592338883, 0.9725078527004049, 0.8425675114429555, 0.9038784325785243, 0.8826857881834821, 0.8911101176524703, 0.8176920496703562, 0.8674001151818799, 0.8631300350000087, 0.9654348047360012, 0.8700746879498195, 0.8855806266493174, 0.8468833643812504, 0.915542279594819, 0.9091694821839754, 0.8537872367988998, 0.8734351670773669, 0.8063911984019144], [0.8661816247340673, 0.8861887616306575, 0.9711122146229981, 0.9109786702517066, 0.9079686570393811, 0.8881739439696106, 0.8129286086544114, 0.9612728355476966, 0.9594976478164161, 0.9905920416370513, 0.8541009153956904, 1.0, 0.859400173518665, 0.8857346265493656, 0.8723480959351817, 0.8498406668379845, 0.868645214529716, 0.8826796396390268, 0.8119442975584513, 0.8694970077987537, 0.9324537612286187, 0.8682503074077682, 0.9117840256487105, 0.8636691591548619, 0.8757540630992774, 0.8826580780449195, 0.8665272104115127, 0.885149068988221, 0.8990672038412992, 0.9523747836292301, 0.8951165929579095, 0.8284467126653174, 0.9677999936623544, 0.9107277830881979, 0.9698170195158415, 0.8563814002615892, 0.9121198542842475, 0.911812145356407, 0.9238643542754191, 0.9379697652112385], [0.8501082771664478, 0.8443001781226752, 0.9042390210811464, 0.9207397528665683, 0.8988790886170729, 0.9648309383546919, 0.8797333880374638, 0.8431002215667234, 0.9146363234734043, 0.8673468481627613, 0.8568463597589764, 0.859400173518665, 1.0, 0.8090932427013934, 0.8508148670750879, 0.8728636858913829, 0.9413807671940727, 0.9240574138686716, 0.8779211429747594, 0.9337031266887225, 0.9302793029589388, 0.8821378841878533, 0.953542566304428, 0.8539129745834528, 0.911452706449296, 0.8246371806541891, 0.9262898455061163, 0.8362621755848365, 0.9267811063338988, 0.9419217922953418, 0.9368280828590158, 0.8645838177695195, 0.8676916872677151, 0.8263054059669624, 0.8801929871884182, 0.8439092471377493, 0.8437541455911625, 0.8840390221220783, 0.8704633147401204, 0.9076757950532911], [0.8631291312760726, 0.9000618095678193, 0.825570836410501, 0.8587628949120389, 0.9110699092234672, 0.8126822351134806, 0.8498781496010275, 0.8934434097757832, 0.8514695655991917, 0.892834702269701, 0.9187896156483761, 0.8857346265493656, 0.8090932427013934, 1.0, 0.9167622789171943, 0.8872162148518521, 0.8135495383527889, 0.830085164650025, 0.8266373019182178, 0.8337824715878805, 0.8594596214431741, 0.8457963794674465, 0.808985915751307, 0.8956973756854061, 0.8794673452903726, 0.9688491590734157, 0.8527505965644686, 0.9807316075455215, 0.8365051558805195, 0.8542254285584743, 0.849109394516593, 0.8706288253751302, 0.850647109129613, 0.9526642061265045, 0.8695382142197571, 0.9127612743673956, 0.9865354683467897, 0.8554766335842924, 0.8756358511195171, 0.8313993257580818], [0.951551014931527, 0.8669174298274335, 0.859554615277419, 0.8595202721340434, 0.9447407782269619, 0.8745921194235429, 0.9002480583797399, 0.8861765853543182, 0.8697390983228575, 0.858087814374975, 0.9868680437281651, 0.8723480959351817, 0.8508148670750879, 0.9167622789171943, 1.0, 0.9812247480698185, 0.8576493537340026, 0.8735816678012156, 0.8673781098971389, 0.8858087591752061, 0.8508635339325523, 0.8602009920958434, 0.8278834363010388, 0.9904501428840962, 0.8654600843294387, 0.9005453442503161, 0.9011497288856894, 0.8940142818917716, 0.8414929039856502, 0.8659018634032046, 0.8654549871508244, 0.9378950881048134, 0.8865203117936282, 0.8938399593110822, 0.8652454568537906, 0.900732616400588, 0.9012770398430272, 0.8804967665900773, 0.8926942565654798, 0.8298769817098169], [0.9847457248425835, 0.8529010343430456, 0.8579148792959077, 0.8971181421196922, 0.9491270632621395, 0.8777806118961041, 0.9269348899424823, 0.895806938343062, 0.8537388488531332, 0.840294679972287, 0.9699212579070458, 0.8498406668379845, 0.8728636858913829, 0.8872162148518521, 0.9812247480698185, 1.0, 0.8506203891960306, 0.9196102295704199, 0.8876868243713285, 0.8654034068906907, 0.8695999567669799, 0.8825603016886321, 0.8711282396051536, 0.9866114269750511, 0.8674440867386702, 0.8921522283007911, 0.8839917007917709, 0.8778580965703491, 0.8738411819507337, 0.8516778774197066, 0.8611343932070186, 0.9529308103717914, 0.8619035069770391, 0.8817780163501612, 0.8535030242179042, 0.9163371155109669, 0.8762943404809203, 0.9201617790851092, 0.8957478131846587, 0.8495963606143937], [0.8314806311977558, 0.890444018152541, 0.8843197930774542, 0.8773408288282709, 0.883520495636989, 0.9612814484883253, 0.8888335763718036, 0.8404541593336179, 0.8822571101503933, 0.8522776855696087, 0.8366855791447162, 0.868645214529716, 0.9413807671940727, 0.8135495383527889, 0.8576493537340026, 0.8506203891960306, 1.0, 0.8680766026238919, 0.8994155180278778, 0.9710911703746788, 0.8613542038139944, 0.8678161880218381, 0.8873799144715421, 0.8453829093500453, 0.9261248187970471, 0.8413384804599928, 0.9751461744432077, 0.8679514349349692, 0.8855325660723394, 0.9189021401342357, 0.9341771478329112, 0.8191931386938065, 0.901190472112225, 0.8402443941063963, 0.8930124410320791, 0.8482551474511894, 0.8516050930205386, 0.866628552615191, 0.9054138308206765, 0.8972012399588412], [0.9421481236274062, 0.8368961630781695, 0.9009776537294895, 0.9713106010537996, 0.9037422553522836, 0.8919711130772018, 0.858283843947515, 0.9243191301806429, 0.8738176073900085, 0.8872967172110533, 0.8453159437071158, 0.8826796396390268, 0.9240574138686716, 0.830085164650025, 0.8735816678012156, 0.9196102295704199, 0.8680766026238919, 1.0, 0.8455736021320986, 0.8695329717737835, 0.9573006778501351, 0.8550986865402435, 0.9686890218964456, 0.8924176296996523, 0.8945230984490002, 0.8570253686333674, 0.8713300039007356, 0.8516508249003859, 0.9579292602842303, 0.8871651158989529, 0.8762561567700756, 0.8433751286708778, 0.8530436635687668, 0.8397397873665594, 0.8707603658369558, 0.8336963181058666, 0.8485714805005227, 0.9788173660271602, 0.8867576175612227, 0.9280882455554441], [0.8696859180361658, 0.9056561679457977, 0.7942753691465081, 0.8678510015771859, 0.8690670365225497, 0.8599760707131896, 0.9901545682919517, 0.8707096524227285, 0.7922656390284447, 0.7878313630266752, 0.8676232138808909, 0.8119442975584513, 0.8779211429747594, 0.8266373019182178, 0.8673781098971389, 0.8876868243713285, 0.8994155180278778, 0.8455736021320986, 1.0, 0.9110508148019677, 0.7898528920538445, 0.9630421981511043, 0.8395433013263633, 0.8670902857880082, 0.9160905813097785, 0.8627465698442136, 0.9299326532560166, 0.8712213643968758, 0.8534227408507022, 0.8109360516879034, 0.8816667157146936, 0.9279713551361627, 0.8253193665275068, 0.8694028712052283, 0.8065986871027068, 0.9479900304249894, 0.8507839299321016, 0.8767956701502695, 0.9228683342228374, 0.8034815500837954], [0.8394271935909072, 0.9156004455827531, 0.8624814617310935, 0.8891558408709791, 0.8824863394505839, 0.9446945074760408, 0.8909684036914611, 0.8457944618336042, 0.8734245135818948, 0.8457564811808894, 0.8690490342559549, 0.8694970077987537, 0.9337031266887225, 0.8337824715878805, 0.8858087591752061, 0.8654034068906907, 0.9710911703746788, 0.8695329717737835, 0.9110508148019677, 1.0, 0.8542493802528848, 0.8608706910111193, 0.8679737330418679, 0.8643345358219626, 0.9431296738225893, 0.8443547168221277, 0.9933686957468033, 0.8697451105734627, 0.8586730991171551, 0.9109605756557109, 0.9582744795865908, 0.8441843028841011, 0.8845716970412804, 0.8553459231480366, 0.852642668134811, 0.8415580063860345, 0.8567790200238162, 0.868353486380516, 0.8957156113460365, 0.8401763586096187], [0.8874249561857234, 0.8248713674374385, 0.9466999486717049, 0.9428230176167571, 0.8909986235009894, 0.9055708944476585, 0.8004772943890851, 0.9134893191976611, 0.9492418724338679, 0.9525556759070651, 0.8437881694680129, 0.9324537612286187, 0.9302793029589388, 0.8594596214431741, 0.8508635339325523, 0.8695999567669799, 0.8613542038139944, 0.9573006778501351, 0.7898528920538445, 0.8542493802528848, 1.0, 0.8450546600516927, 0.9750178479408247, 0.8555704699064801, 0.8692950157577793, 0.8735658454777717, 0.8521766790250325, 0.8658695291525389, 0.9609208527076984, 0.9469887405484857, 0.8798371537218058, 0.8253328438686732, 0.8848306889411423, 0.8526953998726652, 0.9156146563345459, 0.8172341819726547, 0.8926032484073927, 0.931510631324653, 0.8625585395424088, 0.9613616528218916], [0.868580502781313, 0.875499836162034, 0.8634220722893533, 0.8723920500437172, 0.8754550545242955, 0.8689066572711959, 0.9621652791350187, 0.9101681281406371, 0.8697868897961633, 0.8655482789600115, 0.872030747967114, 0.8682503074077682, 0.8821378841878533, 0.8457963794674465, 0.8602009920958434, 0.8825603016886321, 0.8678161880218381, 0.8550986865402435, 0.9630421981511043, 0.8608706910111193, 0.8450546600516927, 1.0, 0.8767802561803547, 0.861634159581363, 0.9080936307130776, 0.8649416963171702, 0.8742801824848919, 0.8732961878426359, 0.8938537808716674, 0.8671697031866166, 0.8692422878258657, 0.9375307098951507, 0.8827565184488232, 0.8872737193624075, 0.8759067712949271, 0.9611521290071519, 0.8776110422150945, 0.885216366740111, 0.9365684409274101, 0.8707404005314618], [0.8949960901276882, 0.8502639367491279, 0.9451695899061611, 0.971806634713077, 0.908316118898182, 0.9305638796630824, 0.8461932065320769, 0.9085249432077678, 0.9230032182734377, 0.9168218681959494, 0.8168496592338883, 0.9117840256487105, 0.953542566304428, 0.808985915751307, 0.8278834363010388, 0.8711282396051536, 0.8873799144715421, 0.9686890218964456, 0.8395433013263633, 0.8679737330418679, 0.9750178479408247, 0.8767802561803547, 1.0, 0.849465610724194, 0.8927383213622583, 0.8453366124604493, 0.864784863980286, 0.8380219837530846, 0.9730313523321278, 0.9335900023047599, 0.9097399871903147, 0.8355470032040746, 0.8790806540580196, 0.8548790671136984, 0.916626792258476, 0.8431624652370475, 0.8454826696335922, 0.9458513336305117, 0.8940033741353504, 0.9622175813251935], [0.9667132212972318, 0.8594147356319735, 0.8646618513845813, 0.8760136719432027, 0.9594591064451339, 0.8734371060235219, 0.9039865377034225, 0.8879515434908011, 0.8561856359444697, 0.8456137170992237, 0.9725078527004049, 0.8636691591548619, 0.8539129745834528, 0.8956973756854061, 0.9904501428840962, 0.9866114269750511, 0.8453829093500453, 0.8924176296996523, 0.8670902857880082, 0.8643345358219626, 0.8555704699064801, 0.861634159581363, 0.849465610724194, 1.0, 0.8574814406626429, 0.8956498741571817, 0.8801895279980253, 0.8784600984303008, 0.867060126127455, 0.8508985238595367, 0.8574250165208958, 0.936000181064794, 0.8718251063437018, 0.8873208583052816, 0.8672230360955443, 0.9014631700199608, 0.8819521032239631, 0.8937447432120675, 0.9056063688581065, 0.8425105865532021], [0.8493043628950784, 0.9536151113812859, 0.8599305811545493, 0.9308518214672833, 0.8960003112607127, 0.921444545713763, 0.8994441112989632, 0.8803556372701675, 0.8629524371421219, 0.8668418439774894, 0.8425675114429555, 0.8757540630992774, 0.911452706449296, 0.8794673452903726, 0.8654600843294387, 0.8674440867386702, 0.9261248187970471, 0.8945230984490002, 0.9160905813097785, 0.9431296738225893, 0.8692950157577793, 0.9080936307130776, 0.8927383213622583, 0.8574814406626429, 1.0, 0.872468427923243, 0.9385833268124913, 0.9148378998216332, 0.912733023495218, 0.9013378105645367, 0.9540805005080442, 0.8372582295591641, 0.8819011030254835, 0.9268126606327434, 0.885564354350557, 0.8912499300074038, 0.8852967028072645, 0.896186126409486, 0.9310590654973843, 0.8785070247973743], [0.8940822327221325, 0.9017306714559608, 0.8423149941959347, 0.886201275322508, 0.9233883774709629, 0.8371090872221086, 0.8835551014414846, 0.9024103067406041, 0.8457186110822791, 0.8771541076511936, 0.9038784325785243, 0.8826580780449195, 0.8246371806541891, 0.9688491590734157, 0.9005453442503161, 0.8921522283007911, 0.8413384804599928, 0.8570253686333674, 0.8627465698442136, 0.8443547168221277, 0.8735658454777717, 0.8649416963171702, 0.8453366124604493, 0.8956498741571817, 0.872468427923243, 1.0, 0.8664516439512899, 0.9869044475528884, 0.8726452416047892, 0.8458701403507488, 0.8613983854339113, 0.8789209576283472, 0.839665672912522, 0.9356833078787409, 0.8629056318918025, 0.9289084763767336, 0.9823584279013199, 0.8964165508139145, 0.9135408366700557, 0.8574832630116778], [0.8597171788771598, 0.9267441895031157, 0.8495989866825125, 0.8860265743779984, 0.8877721953712278, 0.9319496226100715, 0.9144961605592901, 0.8543777722613625, 0.8610888617016861, 0.8431043889965464, 0.8826857881834821, 0.8665272104115127, 0.9262898455061163, 0.8527505965644686, 0.9011497288856894, 0.8839917007917709, 0.9751461744432077, 0.8713300039007356, 0.9299326532560166, 0.9933686957468033, 0.8521766790250325, 0.8742801824848919, 0.864784863980286, 0.8801895279980253, 0.9385833268124913, 0.8664516439512899, 1.0, 0.8880207835739153, 0.8636224117343636, 0.8945888779345542, 0.9409747434764336, 0.8636466974907748, 0.875899024685502, 0.8696265381381532, 0.8520687866779352, 0.8677213970582689, 0.8731579600930061, 0.8735849526847682, 0.8970902788371447, 0.8448239031202394], [0.8664474203241458, 0.9241044618961076, 0.8371980590714326, 0.8855599320721512, 0.9129191465740596, 0.8492313227656907, 0.8832789369919959, 0.8999921435873053, 0.8489601906466278, 0.8850184047569483, 0.8911101176524703, 0.885149068988221, 0.8362621755848365, 0.9807316075455215, 0.8940142818917716, 0.8778580965703491, 0.8679514349349692, 0.8516508249003859, 0.8712213643968758, 0.8697451105734627, 0.8658695291525389, 0.8732961878426359, 0.8380219837530846, 0.8784600984303008, 0.9148378998216332, 0.9869044475528884, 0.8880207835739153, 1.0, 0.8710443827346035, 0.8624999795304205, 0.8805213654289558, 0.8588573326913855, 0.8578586794174826, 0.9504038350901984, 0.8768570766162224, 0.927773326761571, 0.9876857404949556, 0.8872449433661819, 0.9164966357572554, 0.8619936670786985], [0.8926951394319064, 0.8579427171964582, 0.9204450179542081, 0.9447263175271534, 0.8956677490595176, 0.9100125807809712, 0.8544248919016717, 0.9057559488707703, 0.9018942833170559, 0.9075113811285094, 0.8176920496703562, 0.8990672038412992, 0.9267811063338988, 0.8365051558805195, 0.8414929039856502, 0.8738411819507337, 0.8855325660723394, 0.9579292602842303, 0.8534227408507022, 0.8586730991171551, 0.9609208527076984, 0.8938537808716674, 0.9730313523321278, 0.867060126127455, 0.912733023495218, 0.8726452416047892, 0.8636224117343636, 0.8710443827346035, 1.0, 0.90753184314949, 0.8779443999619807, 0.8261142431532605, 0.8682690357393309, 0.8634503740781008, 0.912777166574657, 0.8528240895939883, 0.8718325405624452, 0.9353764221196224, 0.9145054044383755, 0.969670607153904], [0.8381581836723974, 0.8543060043020927, 0.9763795343734764, 0.9041779786343396, 0.90783498816025, 0.9654647973286511, 0.8155287231804166, 0.8891457061216291, 0.9910434732208986, 0.9593915654072291, 0.8674001151818799, 0.9523747836292301, 0.9419217922953418, 0.8542254285584743, 0.8659018634032046, 0.8516778774197066, 0.9189021401342357, 0.8871651158989529, 0.8109360516879034, 0.9109605756557109, 0.9469887405484857, 0.8671697031866166, 0.9335900023047599, 0.8508985238595367, 0.9013378105645367, 0.8458701403507488, 0.8945888779345542, 0.8624999795304205, 0.90753184314949, 1.0, 0.9424190548745418, 0.8348225519138974, 0.9625969345304912, 0.8720019821662855, 0.9607714399000422, 0.8359373691450791, 0.8871311554541186, 0.878507440519545, 0.8959081296035899, 0.944388322886102], [0.8458403678990991, 0.9386695153650935, 0.9064615189622688, 0.9371711639618028, 0.9307796691390129, 0.9679339389813256, 0.8751728191973193, 0.8558850519435123, 0.9065295614543429, 0.872859667921419, 0.8631300350000087, 0.8951165929579095, 0.9368280828590158, 0.849109394516593, 0.8654549871508244, 0.8611343932070186, 0.9341771478329112, 0.8762561567700756, 0.8816667157146936, 0.9582744795865908, 0.8798371537218058, 0.8692422878258657, 0.9097399871903147, 0.8574250165208958, 0.9540805005080442, 0.8613983854339113, 0.9409747434764336, 0.8805213654289558, 0.8779443999619807, 0.9424190548745418, 1.0, 0.8493847925705315, 0.901968223315293, 0.9119918447269547, 0.8987315726900654, 0.8718888034894411, 0.8646536529779167, 0.8791737191993498, 0.9195875262121459, 0.8678096657438039], [0.9230886059703746, 0.8405524030047399, 0.8285125350666719, 0.8483779046472761, 0.9144491811694967, 0.8478521089107529, 0.9587748453064937, 0.8733989391878721, 0.8476618024252687, 0.8204919133555452, 0.9654348047360012, 0.8284467126653174, 0.8645838177695195, 0.8706288253751302, 0.9378950881048134, 0.9529308103717914, 0.8191931386938065, 0.8433751286708778, 0.9279713551361627, 0.8441843028841011, 0.8253328438686732, 0.9375307098951507, 0.8355470032040746, 0.936000181064794, 0.8372582295591641, 0.8789209576283472, 0.8636466974907748, 0.8588573326913855, 0.8261142431532605, 0.8348225519138974, 0.8493847925705315, 1.0, 0.8387634188715419, 0.874279589227322, 0.8215019354879927, 0.956591485757942, 0.8753920538428758, 0.8615568202086495, 0.8812542806246116, 0.7958544608822653], [0.8542883384148036, 0.8551353999480112, 0.9710673972465643, 0.8697847166205553, 0.907446865270754, 0.9234291367105087, 0.833338227569843, 0.9274365492785472, 0.962606442363534, 0.9575182558911739, 0.8700746879498195, 0.9677999936623544, 0.8676916872677151, 0.850647109129613, 0.8865203117936282, 0.8619035069770391, 0.901190472112225, 0.8530436635687668, 0.8253193665275068, 0.8845716970412804, 0.8848306889411423, 0.8827565184488232, 0.8790806540580196, 0.8718251063437018, 0.8819011030254835, 0.839665672912522, 0.875899024685502, 0.8578586794174826, 0.8682690357393309, 0.9625969345304912, 0.901968223315293, 0.8387634188715419, 1.0, 0.8788759725139337, 0.9761955337987698, 0.8598838379258996, 0.8772630607862822, 0.883769060429662, 0.9349859816661288, 0.9272637715402585], [0.8742994061788592, 0.9717180257178062, 0.8593940646458739, 0.9113487610912128, 0.9387270164692717, 0.8558073558314973, 0.8810406181257577, 0.9051556479345972, 0.8605429043905293, 0.8952638693483628, 0.8855806266493174, 0.9107277830881979, 0.8263054059669624, 0.9526642061265045, 0.8938399593110822, 0.8817780163501612, 0.8402443941063963, 0.8397397873665594, 0.8694028712052283, 0.8553459231480366, 0.8526953998726652, 0.8872737193624075, 0.8548790671136984, 0.8873208583052816, 0.9268126606327434, 0.9356833078787409, 0.8696265381381532, 0.9504038350901984, 0.8634503740781008, 0.8720019821662855, 0.9119918447269547, 0.874279589227322, 0.8788759725139337, 1.0, 0.9098194184358958, 0.9442700553284347, 0.9372584690360917, 0.8715539165979044, 0.9214334611674375, 0.8555949165638654], [0.8545705186042084, 0.8737005163836351, 0.9762354515778013, 0.8975308501962109, 0.9296371872620688, 0.9233529676549553, 0.8212724020884696, 0.923399668104388, 0.9593087164565842, 0.9666358898467122, 0.8468833643812504, 0.9698170195158415, 0.8801929871884182, 0.8695382142197571, 0.8652454568537906, 0.8535030242179042, 0.8930124410320791, 0.8707603658369558, 0.8065986871027068, 0.852642668134811, 0.9156146563345459, 0.8759067712949271, 0.916626792258476, 0.8672230360955443, 0.885564354350557, 0.8629056318918025, 0.8520687866779352, 0.8768570766162224, 0.912777166574657, 0.9607714399000422, 0.8987315726900654, 0.8215019354879927, 0.9761955337987698, 0.9098194184358958, 1.0, 0.8707832134158452, 0.8923670903762625, 0.8852756274025873, 0.932957582805007, 0.9648333929118206], [0.8996318184391358, 0.912913823753889, 0.8338001913541039, 0.8758369637382984, 0.9279164770057448, 0.8491900903519876, 0.9702305301106391, 0.9017371237178259, 0.8351113169783528, 0.844113384524263, 0.915542279594819, 0.8563814002615892, 0.8439092471377493, 0.9127612743673956, 0.900732616400588, 0.9163371155109669, 0.8482551474511894, 0.8336963181058666, 0.9479900304249894, 0.8415580063860345, 0.8172341819726547, 0.9611521290071519, 0.8431624652370475, 0.9014631700199608, 0.8912499300074038, 0.9289084763767336, 0.8677213970582689, 0.927773326761571, 0.8528240895939883, 0.8359373691450791, 0.8718888034894411, 0.956591485757942, 0.8598838379258996, 0.9442700553284347, 0.8707832134158452, 1.0, 0.9191488132524968, 0.8780756566784828, 0.9348262808187324, 0.8369837542431526], [0.8617840424113735, 0.8936793711886882, 0.8646933070214999, 0.8715683525209779, 0.9085351501867278, 0.844839915693207, 0.8659753902663464, 0.9138527706805453, 0.8879862547808985, 0.9209010757679914, 0.9091694821839754, 0.9121198542842475, 0.8437541455911625, 0.9865354683467897, 0.9012770398430272, 0.8762943404809203, 0.8516050930205386, 0.8485714805005227, 0.8507839299321016, 0.8567790200238162, 0.8926032484073927, 0.8776110422150945, 0.8454826696335922, 0.8819521032239631, 0.8852967028072645, 0.9823584279013199, 0.8731579600930061, 0.9876857404949556, 0.8718325405624452, 0.8871311554541186, 0.8646536529779167, 0.8753920538428758, 0.8772630607862822, 0.9372584690360917, 0.8923670903762625, 0.9191488132524968, 1.0, 0.879463451880839, 0.9023585506452245, 0.8738036666388367], [0.9534446207662909, 0.8648664586936127, 0.9085010491793475, 0.9703090603019643, 0.9133109251868999, 0.8753814502016507, 0.887998581955246, 0.9669059016397972, 0.8706203079920642, 0.9037106694502705, 0.8537872367988998, 0.911812145356407, 0.8840390221220783, 0.8554766335842924, 0.8804967665900773, 0.9201617790851092, 0.866628552615191, 0.9788173660271602, 0.8767956701502695, 0.868353486380516, 0.931510631324653, 0.885216366740111, 0.9458513336305117, 0.8937447432120675, 0.896186126409486, 0.8964165508139145, 0.8735849526847682, 0.8872449433661819, 0.9353764221196224, 0.878507440519545, 0.8791737191993498, 0.8615568202086495, 0.883769060429662, 0.8715539165979044, 0.8852756274025873, 0.8780756566784828, 0.879463451880839, 1.0, 0.931470338422959, 0.921223214296819], [0.901045373655135, 0.9201255634691764, 0.9203019890325108, 0.9196880395419692, 0.9441045750634224, 0.9116820280385355, 0.9257170361778443, 0.9408832526606329, 0.8861026686299, 0.8968731121883875, 0.8734351670773669, 0.9238643542754191, 0.8704633147401204, 0.8756358511195171, 0.8926942565654798, 0.8957478131846587, 0.9054138308206765, 0.8867576175612227, 0.9228683342228374, 0.8957156113460365, 0.8625585395424088, 0.9365684409274101, 0.8940033741353504, 0.9056063688581065, 0.9310590654973843, 0.9135408366700557, 0.8970902788371447, 0.9164966357572554, 0.9145054044383755, 0.8959081296035899, 0.9195875262121459, 0.8812542806246116, 0.9349859816661288, 0.9214334611674375, 0.932957582805007, 0.9348262808187324, 0.9023585506452245, 0.931470338422959, 1.0, 0.9083692648316937], [0.8708258080412409, 0.8305982958715197, 0.9638419339510963, 0.9181096491411196, 0.892207407807877, 0.9201808952122784, 0.8139401433280572, 0.9154223342549604, 0.9438388658075089, 0.9497439533069962, 0.8063911984019144, 0.9379697652112385, 0.9076757950532911, 0.8313993257580818, 0.8298769817098169, 0.8495963606143937, 0.8972012399588412, 0.9280882455554441, 0.8034815500837954, 0.8401763586096187, 0.9613616528218916, 0.8707404005314618, 0.9622175813251935, 0.8425105865532021, 0.8785070247973743, 0.8574832630116778, 0.8448239031202394, 0.8619936670786985, 0.969670607153904, 0.944388322886102, 0.8678096657438039, 0.7958544608822653, 0.9272637715402585, 0.8555949165638654, 0.9648333929118206, 0.8369837542431526, 0.8738036666388367, 0.921223214296819, 0.9083692648316937, 1.0]]}, "task_id": "task_4", "task_output": [[0.009998925077134693, 0.9596891767850237, 0.009998925077134693, 0.010314047983572315, 0.009998925077134693], [0.010630747965598677, 0.9571587900719736, 0.010630747965598677, 0.01094896603123018, 0.010630747965598677], [0.009436723265037573, 0.009714812841190688, 0.009436723265037573, 0.9619750173636966, 0.009436723265037573], [0.008680795742892796, 0.40770195936104575, 0.008680795742892796, 0.5662556534102758, 0.008680795742892796], [0.008046678545663414, 0.9675414717121628, 0.008046678545663414, 0.008318492650847232, 0.008046678545663414], [0.009253363425328618, 0.19741838265671405, 0.009253363425328618, 0.7748215270673001, 0.009253363425328618], [0.01082770283868352, 0.9564384454227117, 0.01082770283868352, 0.011078446061237434, 0.01082770283868352], [0.008984909748904348, 0.5447836169979278, 0.008984909748904348, 0.42826165375535924, 0.008984909748904348], [0.009747368166869282, 0.01004488401757816, 0.009747368166869282, 0.960713011481814, 0.009747368166869282], [0.009713093377275503, 0.010003935651346805, 0.009713093377275503, 0.9608567842168266, 0.009713093377275503], [0.010695625442446557, 0.9569219486393294, 0.010695625442446557, 0.010991175033331043, 0.010695625442446557], [0.009113473682666417, 0.009427426314740264, 0.009113473682666417, 0.9632321526372606, 0.009113473682666417], [0.010049793243214375, 0.23186926590492174, 0.010049793243214375, 0.7379813543654351, 0.010049793243214375], [0.01142631746982272, 0.9539710832117938, 0.01142631746982272, 0.011749964378738447, 0.01142631746982272], [0.009842235798590298, 0.9603571969984662, 0.009842235798590298, 0.010116095605762977, 0.009842235798590298], [0.009551295806997349, 0.9615248282441428, 0.009551295806997349, 0.009821284334865293, 0.009551295806997349], [0.010531861703961112, 0.4788302267933772, 0.010531861703961112, 0.48957418809473946, 0.010531861703961112], [0.00987483362775904, 0.1911857047334108, 0.00987483362775904, 0.779189794383312, 0.00987483362775904], [0.012068799441443278, 0.951441142764596, 0.012068799441443278, 0.012352458911074391, 0.012068799441443278], [0.010452177271812602, 0.9578306081833046, 0.010452177271812602, 0.010812860001257658, 0.010452177271812602], [0.009806263933781388, 0.010104621333634831, 0.009806263933781388, 0.9604765868650211, 0.009806263933781388], [0.010262883385821363, 0.9586334414535183, 0.010262883385821363, 0.010577908389017756, 0.010262883385821363], [0.009471200890781559, 0.0097844046648778, 0.009471200890781559, 0.9618019926627775, 0.009471200890781559], [0.009954318601006837, 0.9598971770255078, 0.009954318601006837, 0.010239867171471894, 0.009954318601006837], [0.009277767171887634, 0.9625665403799981, 0.009277767171887634, 0.009600158104338785, 0.009277767171887634], [0.010227714736611833, 0.9587947423186577, 0.010227714736611833, 0.010522113471506887, 0.010227714736611833], [0.009925848420913016, 0.9599886356391493, 0.009925848420913016, 0.010233819098111654, 0.009925848420913016], [0.00987092849758435, 0.9602312651069181, 0.00987092849758435, 0.010155949400328664, 0.00987092849758435], [0.00953016654098523, 0.009860814945455166, 0.00953016654098523, 0.961548685431589, 0.00953016654098523], [0.009060687362627903, 0.009337600099056433, 0.009060687362627903, 0.96348033781306, 0.009060687362627903], [0.009239281684521664, 0.5455899850142489, 0.009239281684521664, 0.42669216993218606, 0.009239281684521664], [0.011648595168842925, 0.9531227363267198, 0.011648595168842925, 0.011931478166751724, 0.011648595168842925], [0.009622403063238421, 0.009962985856592907, 0.009622403063238421, 0.9611698049536919, 0.009622403063238421], [0.009622469388991261, 0.9612124317988008, 0.009622469388991261, 0.009920160034225287, 0.009622469388991261], [0.009208637254866984, 0.009506315447497691, 0.009208637254866984, 0.9628677727879014, 0.009208637254866984], [0.009952849003598172, 0.9599410034437678, 0.009952849003598172, 0.01020044954543779, 0.009952849003598172], [0.009703166965881239, 0.9608809793655562, 0.009703166965881239, 0.010009519736800119, 0.009703166965881239], [0.008986268461799535, 0.5088461223572759, 0.008986268461799535, 0.4641950722573256, 0.008986268461799535], [0.008257614140100329, 0.966676818117342, 0.00825761414