{"model": null, "reduction_technique": "KMeans", "latent_features": {"centroids_kxm": [[0.9999648157202264, 0.9999989609364562, 0.999999445711474, 0.9999757339513187, 0.9999954140924585, 0.9999830999769391, 0.9999737109675606, 0.9999954391337245, 0.9999908579052137, 0.9999861556277428, 0.9999421745307566, 0.9999993849836701, 0.9999987774252017, 0.9999996965360359, 0.9999589269347291, 0.9999804889234374, 0.9999996624198455, 0.9999985192164972, 0.9999664650359812, 0.9999863590819641, 0.9999956300376945, 0.9999789339314117, 0.9999967535171496, 0.9999153469755796, 0.9999995834115532, 0.9999931098092412, 0.9999865217647252, 0.9999857729959525, 0.9999996764454031, 0.999932044980803, 0.9999994079540677, 0.9999990774979806, 0.9999799889494647, 0.9999922402546721, 0.9999907463546358, 0.9999773459025517, 0.9999995057762111, 0.9999997085798298, 0.9999976740503178, 0.9999996562069982], [0.9999832109460348, 0.999992379123193, 0.9999979691217534, 0.9999904053372015, 0.999984386705111, 0.9999646983325133, 0.9999891281983576, 0.9999996790634041, 0.9999765062209734, 0.9999963491319415, 0.9999667504430413, 0.9999981138189483, 0.9999918268642074, 0.9999958363830732, 0.9999790868584292, 0.999993272041953, 0.9999971097246947, 0.9999991648500542, 0.9999843396938933, 0.9999964503473274, 0.9999996977662482, 0.9999923579570691, 0.9999997138183723, 0.999945811439523, 0.9999975281587307, 0.9999802538982361, 0.9999965307174445, 0.9999686309359029, 0.9999969997734791, 0.9999589795960687, 0.999993986891424, 0.9999986338507476, 0.9999602435974504, 0.9999989370653735, 0.999976325857232, 0.9999914001206736, 0.999994442536198, 0.9999965760071681, 0.9999995561351304, 0.9999971528681716], [0.9999936814208802, 0.9999149529401556, 0.9999384852167904, 0.9999877548348689, 0.9998913486525538, 0.9998457917115623, 0.9999891052908336, 0.9999603015735171, 0.9998718020639178, 0.9999779275445547, 0.9999990088922687, 0.999939352167521, 0.9999131052760455, 0.9999279737106007, 0.9999957769310224, 0.9999839701340622, 0.9999338426959553, 0.9999471434886731, 0.9999929756519176, 0.9999776687661344, 0.9999597143773206, 0.9999853134896286, 0.9999558342096844, 0.9999988388567282, 0.999936009848886, 0.9998807980273873, 0.9999774593077303, 0.9998541401811315, 0.9999332969343363, 0.9999995560073649, 0.9999206389113118, 0.9999427818833978, 0.999836627503054, 0.9999682056825913, 0.9998713802886493, 0.9999865755041689, 0.9999223518888624, 0.9999312706285016, 0.9999518836254802, 0.9999340593419056], [0.9999152900118411, 0.9999936263543135, 0.9999850686673629, 0.9999327897800739, 0.999997958701357, 0.9999987264174383, 0.99992944841858, 0.999970943550989, 0.9999992978153462, 0.9999511285492797, 0.9998817293808485, 0.9999846442093208, 0.9999940962111593, 0.9999895405610626, 0.9999062829947226, 0.9999408828977228, 0.9999871909026922, 0.9999803849469743, 0.9999178592590864, 0.9999515128047616, 0.9999714391647788, 0.999938194824343, 0.999974522373306, 0.999844503065062, 0.9999862310108018, 0.9999988967378328, 0.9999518210521829, 0.9999991638069752, 0.9999874244779855, 0.9998674340233419, 0.999992016901565, 0.9999828715935847, 0.9999980008855959, 0.9999633978299389, 0.999999308330761, 0.9999354927204964, 0.9999914808434381, 0.9999882639937124, 0.9999773511746578, 0.9999870972859686], [0.9999979390405284, 0.9999671792263762, 0.9999809235059065, 0.999999175750499, 0.9999520896760625, 0.9999206369159114, 0.9999990917554347, 0.9999917687158247, 0.9999389044853931, 0.999997957466326, 0.9999913698699426, 0.9999813964010046, 0.9999660381504231, 0.9999749831273306, 0.9999966387385043, 0.9999990220223175, 0.9999783449690668, 0.9999855101093065, 0.9999982348591494, 0.9999978951839743, 0.9999915121673869, 0.9999991330754274, 0.9999897581700424, 0.9999798578360942, 0.9999795580738623, 0.9999450387622258, 0.999997843922701, 0.9999265781852049, 0.9999780369691659, 0.9999873747146363, 0.9999706406302787, 0.9999832385819301, 0.9999140397469738, 0.9999949542877128, 0.9999386143365588, 0.9999991832826928, 0.9999716677366212, 0.9999768849371886, 0.9999878772862677, 0.999978466958249]], "matrix_nxm": [[1.0, 0.9999541095500982, 0.999970942423602, 0.9999989780416166, 0.9999363325696441, 0.9999004268035027, 0.99999934636522, 0.999985248770924, 0.9999211391776259, 0.9999950448978677, 0.9999971814546246, 0.9999715396479766, 0.999952745482643, 0.9999635597183533, 0.9999997703513415, 0.9999976793295139, 0.9999677126571117, 0.9999768136354612, 0.9999999800215014, 0.9999949206456533, 0.9999848879223416, 0.9999981789820777, 0.9999824632254847, 0.9999892446368274, 0.9999692267876003, 0.9999281768931466, 0.9999948194928743, 0.9999071282170241, 0.999967329636513, 0.9999946181711886, 0.9999582729775625, 0.9999738827042511, 0.9998930189496555, 0.9999899226941278, 0.9999208074722894, 0.9999986113181455, 0.9999595165217718, 0.9999659017423319, 0.9999799294278694, 0.9999678645131282], [0.9999541095500982, 1.0, 0.9999980829851292, 0.9999667781139786, 0.9999985451760401, 0.999989702598742, 0.9999644045389393, 0.9999913877679257, 0.9999955537326863, 0.9999793048659249, 0.9999285637073926, 0.9999979256271774, 0.9999999899949605, 0.9999994550924048, 0.9999473913742999, 0.9999724207266282, 0.9999988059008421, 0.9999961582625605, 0.9999560035369691, 0.9999795563874266, 0.999991659652355, 0.9999705644486729, 0.999993303933218, 0.9998989692964853, 0.9999984928887917, 0.9999971015352547, 0.9999797577693716, 0.9999917825233035, 0.9999988782477329, 0.9999173258165892, 0.999999900875343, 0.9999972288945492, 0.9999872243381138, 0.99998703356695, 0.9999954745760554, 0.9999686801778285, 0.9999998303462734, 0.9999991248509028, 0.9999947315561488, 0.9999987764698265], [0.999970942423602, 0.9999980829851292, 1.0, 0.9999808166843576, 0.9999932886989367, 0.9999789047292638, 0.9999790028051776, 0.999997596814668, 0.9999877995271879, 0.9999899828493544, 0.9999500337524416, 0.9999999968966616, 0.999997796011785, 0.999999582168273, 0.9999655483309194, 0.9999850422431426, 0.9999999148386588, 0.9999996687948659, 0.9999724458056433, 0.9999901576358028, 0.9999977394238717, 0.99998366694544, 0.9999985523121041, 0.9999248565916357, 0.9999999753747931, 0.9999904712488045, 0.9999902972380287, 0.9999819313554161, 0.9999998940853406, 0.9999405653062938, 0.999998855671558, 0.9999999215360124, 0.999975416449853, 0.9999950869503205, 0.9999876686620781, 0.9999822556035042, 0.9999990538837644, 0.9999997983256275, 0.9999991704346898, 0.9999999224715621], [0.9999989780416166, 0.9999667781139786, 0.9999808166843576, 1.0, 0.9999514323310738, 0.9999195546123495, 0.9999999590162956, 0.9999919914659166, 0.9999380555575844, 0.9999985234973243, 0.9999927653351004, 0.999981301421971, 0.9999656157830537, 0.9999747389004302, 0.9999977795131446, 0.99999973738175, 0.9999781761122348, 0.9999855256342559, 0.9999992438386176, 0.9999984553195821, 0.9999917249890447, 0.9999998853934307, 0.9999899071427065, 0.9999815929457945, 0.9999794178933642, 0.9999442760350056, 0.999998399311929, 0.9999255684607609, 0.9999778609654298, 0.9999889062237117, 0.9999703064260224, 0.9999831913089146, 0.9999128800205592, 0.9999953186957055, 0.9999377614431844, 0.9999999719417982, 0.9999713541584363, 0.9999766826522772, 0.9999879640955799, 0.9999783009466727], [0.9999363325696441, 0.9999985451760401, 0.9999932886989367, 0.9999514323310738, 1.0, 0.999995987829652, 0.9999485717585539, 0.9999828563438671, 0.9999991854493556, 0.9999668835139803, 0.9999067529455594, 0.9999929970071813, 0.9999987764561117, 0.9999962197149711, 0.9999284625009044, 0.9999583080104012, 0.9999947153627566, 0.999989976330469, 0.9999385663811148, 0.999967201818633, 0.9999832407723929, 0.999956033189794, 0.9999856088705622, 0.9998733169137233, 0.9999940770245683, 0.9999997536302208, 0.999967456968219, 0.9999972423046585, 0.9999948687929637, 0.9998939760983788, 0.9999976865999426, 0.9999917591651672, 0.9999943903302635, 0.9999768966188446, 0.9999991513653487, 0.9999537373943691, 0.9999973819772162, 0.9999954135740876, 0.9999877412945308, 0.9999946536520189], [0.9999004268035027, 0.999989702598742, 0.9999789047292638, 0.9999195546123495, 0.999995987829652, 1.0, 0.9999158871014909, 0.9999622740029895, 0.9999987887101651, 0.9999398522901499, 0.9998641658441976, 0.9999783901818468, 0.9999903343622589, 0.9999844222231155, 0.9998906485688037, 0.9999284736110677, 0.9999814989551321, 0.9999732904876412, 0.9999032235879006, 0.999940281287595, 0.999962845054164, 0.9999255051942466, 0.9999664134590877, 0.9998243687585189, 0.9999803208668168, 0.9999977297477254, 0.999940625557383, 0.9999998827270691, 0.9999817869147626, 0.9998488405319705, 0.9999875835833043, 0.999976254695944, 0.9999998664093437, 0.9999536522348836, 0.9999988294981134, 0.9999225274605347, 0.9999868904703093, 0.9999828264308245, 0.999969714756314, 0.999981383687889], [0.99999934636522, 0.9999644045389393, 0.9999790028051776, 0.9999999590162956, 0.9999485717585539, 0.9999158871014909, 1.0, 0.9999908047951551, 0.9999348310740339, 0.9999979905381589, 0.9999938133344248, 0.9999795100730186, 0.9999632017989664, 0.9999726636514656, 0.9999983418567572, 0.9999994889087136, 0.9999762442210657, 0.999983944544508, 0.9999995549346183, 0.9999979111305133, 0.9999905194175441, 0.9999997073407829, 0.999988580030521, 0.9999832888355185, 0.9999775405522808, 0.9999412152656223, 0.9999978460817431, 0.9999220386967573, 0.9999759154794594, 0.9999902137025575, 0.9999680600671398, 0.9999814907257122, 0.9999090656045088, 0.9999944017365924, 0.9999345294290919, 0.9999998631369795, 0.9999691470210453, 0.999974687176223, 0.9999865186658259, 0.9999763744677928], [0.999985248770924, 0.9999913877679257, 0.999997596814668, 0.9999919914659166, 0.9999828563438671, 0.9999622740029895, 0.9999908047951551, 1.0, 0.9999745728401576, 0.9999973921308665, 0.9999695380222485, 0.9999977664225502, 0.999990790797916, 0.9999951750424501, 0.9999813387460544, 0.999994629135334, 0.999996606926201, 0.9999990498971789, 0.9999863143733638, 0.9999974809459433, 0.9999999978189561, 0.9999937927879098, 0.9999998795680277, 0.9999493133841016, 0.9999970856810817, 0.999978501852726, 0.9999975513325662, 0.99996635929138, 0.9999964819414068, 0.9999620533142013, 0.9999931362805845, 0.99999838680353, 0.9999576563915684, 0.9999995559695094, 0.9999743841342356, 0.9999929113900382, 0.9999936353130925, 0.9999960028923139, 0.9999995911267536, 0.9999966560546979], [0.9999211391776259, 0.9999955537326863, 0.9999877995271879, 0.9999380555575844, 0.9999991854493556, 0.9999987887101651, 0.9999348310740339, 0.9999745728401576, 1.0, 0.9999556922674854, 0.9998885460111028, 0.9999874073766801, 0.9999959655098856, 0.9999918964257717, 0.9999124084899952, 0.9999458527001508, 0.9999897524932496, 0.9999834494906717, 0.9999236268944248, 0.9999560604862955, 0.9999750414081908, 0.9999432650972347, 0.9999779506592641, 0.9998522405685887, 0.9999888708540121, 0.999999835022674, 0.9999563558223239, 0.9999994252148409, 0.9999899665641495, 0.9998746196120623, 0.9999941270637135, 0.9999857648886977, 0.9999978506596893, 0.9999674128796562, 0.9999999996506985, 0.9999406617721709, 0.9999936473398514, 0.999990734350662, 0.9999806100478998, 0.9999896666412303], [0.9999950448978677, 0.9999793048659249, 0.9999899828493544, 0.9999985234973243, 0.9999668835139803, 0.9999398522901499, 0.9999979905381589, 0.9999973921308665, 0.9999556922674854, 1.0, 0.9999847531086451, 0.9999903323168241, 0.9999783851794377, 0.9999854743600719, 0.9999926819194861, 0.9999995062743258, 0.9999880508243686, 0.9999932941747647, 0.9999956541635572, 0.9999999992306068, 0.999997239119744, 0.9999992316035058, 0.9999961509211065, 0.9999696927075151, 0.9999889650831885, 0.9999609295069153, 0.9999999974930316, 0.9999450387491405, 0.9999878173022254, 0.9999793368175036, 0.9999820692969029, 0.9999916772578384, 0.9999340601360696, 0.9999991002571449, 0.9999554433812172, 0.9999989025117243, 0.99998288152466, 0.9999869391369584, 0.9999949181880217, 0.9999881431629006], [0.9999971814546246, 0.9999285637073926, 0.9999500337524416, 0.9999927653351004, 0.9999067529455594, 0.9998641658441976, 0.9999938133344248, 0.9999695380222485, 0.9998885460111028, 0.9999847531086451, 1.0, 0.9999508176690634, 0.9999268648938113, 0.999940485400571, 0.9999985608559281, 0.9999897461979154, 0.9999458261345469, 0.9999578340182566, 0.9999966868930692, 0.9999845357547723, 0.9999690205158404, 0.9999908297371357, 0.9999655884638529, 0.999997437612448, 0.9999477922623186, 0.9998969393616474, 0.9999843596467682, 0.9998720075420777, 0.9999453304703841, 0.9999995890643583, 0.999933781030618, 0.9999539128568564, 0.9998555420090072, 0.9999764475645077, 0.9998881519523478, 0.999991836250984, 0.9999353495106104, 0.9999434883754108, 0.9999620740735419, 0.9999460228358112], [0.9999715396479766, 0.9999979256271774, 0.9999999968966616, 0.999981301421971, 0.9999929970071813, 0.9999783901818468, 0.9999795100730186, 0.9999977664225502, 0.9999874073766801, 0.9999903323168241, 0.9999508176690634, 1.0, 0.9999976275116146, 0.999999507046964, 0.9999661988604116, 0.9999854699398221, 0.999999879221745, 0.9999997298111313, 0.9999730273053759, 0.9999905040147095, 0.9999979038292969, 0.9999841140028247, 0.999998683260191, 0.9999258183669291, 0.9999999547877251, 0.9999901243006732, 0.9999906411303269, 0.9999814548759541, 0.9999998547225445, 0.9999414204665709, 0.9999987333868402, 0.9999999496416342, 0.9999748612909096, 0.9999953307830446, 0.9999872744320003, 0.9999827216977911, 0.9999989424108802, 0.9999997451880087, 0.9999992688074753, 0.9999998883459179], [0.999952745482643, 0.9999999899949605, 0.999997796011785, 0.9999656157830537, 0.9999987764561117, 0.9999903343622589, 0.9999632017989664, 0.999990790797916, 0.9999959655098856, 0.9999783851794377, 0.9999268648938113, 0.9999976275116146, 1.0, 0.9999992974169336, 0.9999459317199012, 0.9999713607078269, 0.9999985772983347, 0.9999957561889643, 0.999954667668418, 0.9999786422417717, 0.9999910720185673, 0.9999694697022683, 0.9999927763435645, 0.9998969516518037, 0.9999982373030414, 0.9999974320897106, 0.9999788480846762, 0.9999923458576341, 0.9999986563703895, 0.9999154992825214, 0.9999998278865673, 0.9999968858964338, 0.9999879291122876, 0.999986303404691, 0.9999958900902265, 0.9999675512856909, 0.9999997379429186, 0.9999989277046566, 0.9999942624315413, 0.9999985451899867], [0.9999635597183533, 0.9999994550924048, 0.999999582168273, 0.9999747389004302, 0.9999962197149711, 0.9999844222231155, 0.9999726636514656, 0.9999951750424501, 0.9999918964257717, 0.9999854743600719, 0.999940485400571, 0.999999507046964, 0.9999992974169336, 1.0, 0.9999575472683414, 0.9999796261921359, 0.9999998742756662, 0.999998506974382, 0.9999652455136472, 0.9999856849784752, 0.9999953780125594, 0.9999780262889696, 0.9999965790891164, 0.9999132451767199, 0.9999997604133799, 0.9999940435379585, 0.9999858534291262, 0.9999870070016571, 0.9999998969878071, 0.9999301905545113, 0.9999998207830969, 0.9999991415793905, 0.9999814053278556, 0.9999918040079794, 0.9999917896961085, 0.9999763940996185, 0.9999998935345513, 0.9999999610653915, 0.999997575171951, 0.9999998646046054], [0.9999997703513415, 0.9999473913742999, 0.9999655483309194, 0.9999977795131446, 0.9999284625009044, 0.9998906485688037, 0.9999983418567572, 0.9999813387460544, 0.9999124084899952, 0.9999926819194861, 0.9999985608559281, 0.9999661988604116, 0.9999459317199012, 0.9999575472683414, 1.0, 0.9999959896814742, 0.9999620393614519, 0.9999719703255346, 0.9999996149032144, 0.9999925310889215, 0.9999809331716881, 0.9999966560139426, 0.9999782208724249, 0.9999921580248557, 0.9999636825499836, 0.9999198333603554, 0.9999924085381504, 0.9998976756659331, 0.9999616241777554, 0.9999966119122833, 0.9999518557381176, 0.9999687566664979, 0.9998828934001766, 0.9999866509262525, 0.99991205897689, 0.9999972522571151, 0.999953192065377, 0.9999600780163157, 0.9999754071086203, 0.9999622040221063], [0.9999976793295139, 0.9999724207266282, 0.9999850422431426, 0.99999973738175, 0.9999583080104012, 0.9999284736110677, 0.9999994889087136, 0.999994629135334, 0.9999458527001508, 0.9999995062743258, 0.9999897461979154, 0.9999854699398221, 0.9999713607078269, 0.9999796261921359, 0.9999959896814742, 1.0, 0.9999827004501588, 0.9999891618342291, 0.9999980899869857, 0.999999466524705, 0.9999944105076827, 0.999999969749286, 0.9999929003563907, 0.9999769339049129, 0.9999838041226063, 0.9999516586296673, 0.9999994334043515, 0.9999341386423115, 0.9999824197224878, 0.9999852302993579, 0.9999756269416844, 0.9999871300317587, 0.9999221710360726, 0.9999972735701913, 0.9999455776543877, 0.9999998810043866, 0.9999765753706135, 0.9999813679739711, 0.9999912568478906, 0.9999828115818504], [0.9999677126571117, 0.9999988059008421, 0.9999999148386588, 0.9999781761122348, 0.9999947153627566, 0.9999814989551321, 0.9999762442210657, 0.999996606926201, 0.9999897524932496, 0.9999880508243686, 0.9999458261345469, 0.999999879221745, 0.9999985772983347, 0.9999998742756662, 0.9999620393614519, 0.9999827004501588, 1.0, 0.9999992477463565, 0.999969298402571, 0.9999882417889672, 0.9999967767873307, 0.9999812237411669, 0.9999977649352302, 0.9999197174156731, 0.9999999818019685, 0.9999921873980535, 0.9999883944162677, 0.9999843261333619, 0.999999998869613, 0.9999359845376461, 0.9999993948499932, 0.9999996728875219, 0.9999782234531256, 0.9999937082546694, 0.9999896325231664, 0.9999797126843706, 0.9999995364228684, 0.999999975269934, 0.9999985536983799, 0.9999999998208448], [0.9999768136354612, 0.9999961582625605, 0.9999996687948659, 0.9999855256342559, 0.999989976330469, 0.9999732904876412, 0.999983944544508, 0.9999990498971789, 0.9999834494906717, 0.9999932941747647, 0.9999578340182566, 0.9999997298111313, 0.9999957561889643, 0.999998506974382, 0.9999719703255346, 0.9999891618342291, 0.9999992477463565, 1.0, 0.9999781545417361, 0.999993437050489, 0.9999991387580532, 0.9999879865743659, 0.9999996059894454, 0.9999344947081574, 0.999999463550437, 0.9999865881149311, 0.9999935509613357, 0.9999767102991031, 0.9999991882958039, 0.9999491017396049, 0.9999972932624293, 0.9999999127442157, 0.9999693827604172, 0.9999973068842365, 0.9999832971455855, 0.999986771925692, 0.999997603164035, 0.9999989502342952, 0.9999998875714111, 0.9999992707849887], [0.9999999800215014, 0.9999560035369691, 0.9999724458056433, 0.9999992438386176, 0.9999385663811148, 0.9999032235879006, 0.9999995549346183, 0.9999863143733638, 0.9999236268944248, 0.9999956541635572, 0.9999966868930692, 0.9999730273053759, 0.999954667668418, 0.9999652455136472, 0.9999996149032144, 0.9999980899869857, 0.999969298402571, 0.9999781545417361, 1.0, 0.9999955377510706, 0.9999859667179761, 0.999998540475501, 0.9999836268583955, 0.9999882976460706, 0.9999707744615136, 0.9999305503878457, 0.9999954429099902, 0.9999098289102748, 0.999968924869969, 0.9999939424166129, 0.9999600781864934, 0.999975307012223, 0.9998959182090918, 0.9999908000256521, 0.9999233004429534, 0.9999989244655856, 0.9999612943593739, 0.9999675318642888, 0.9999811756462363, 0.9999694464812692], [0.9999949206456533, 0.9999795563874266, 0.9999901576358028, 0.9999984553195821, 0.999967201818633, 0.999940281287595, 0.9999979111305133, 0.9999974809459433, 0.9999560604862955, 0.9999999992306068, 0.9999845357547723, 0.9999905040147095, 0.9999786422417717, 0.9999856849784752, 0.9999925310889215, 0.999999466524705, 0.9999882417889672, 0.999993437050489, 0.9999955377510706, 1.0, 0.9999973305252605, 0.9999991822053974, 0.9999962589847798, 0.9999693866194631, 0.9999891485694746, 0.9999612752695082, 0.9999999995012957, 0.9999454488475941, 0.9999880101305701, 0.999979083924168, 0.9999823033753333, 0.9999918365133472, 0.9999345092906892, 0.9999991521087097, 0.9999558126330162, 0.9999988436259724, 0.999983110225479, 0.9999871388186607, 0.9999950424687822, 0.9999883333855172], [0.9999848879223416, 0.999991659652355, 0.9999977394238717, 0.9999917249890447, 0.9999832407723929, 0.999962845054164, 0.9999905194175441, 0.9999999978189561, 0.9999750414081908, 0.999997239119744, 0.9999690205158404, 0.9999979038292969, 0.9999910720185673, 0.9999953780125594, 0.9999809331716881, 0.9999944105076827, 0.9999967767873307, 0.9999991387580532, 0.9999859667179761, 0.9999973305252605, 1.0, 0.9999935579198317, 0.999999909800973, 0.9999486465999237, 0.9999972429448578, 0.9999789325640773, 0.9999974029974433, 0.9999668984719826, 0.9999966549421091, 0.9999614760161978, 0.9999933787751459, 0.9999985032526291, 0.9999582614388584, 0.9999994915490809, 0.9999748544437856, 0.9999926605527001, 0.9999938687473443, 0.9999961874380349, 0.999999648670427, 0.9999968246659287], [0.9999981789820777, 0.9999705644486729, 0.99998366694544, 0.9999998853934307, 0.999956033189794, 0.9999255051942466, 0.9999997073407829, 0.9999937927879098, 0.9999432650972347, 0.9999992316035058, 0.9999908297371357, 0.9999841140028247, 0.9999694697022683, 0.9999780262889696, 0.9999966560139426, 0.999999969749286, 0.9999812237411669, 0.9999879865743659, 0.999998540475501, 0.9999991822053974, 0.9999935579198317, 1.0, 0.999991943333944, 0.9999785739924489, 0.9999823742903855, 0.9999492117421447, 0.9999991413171052, 0.9999312886326668, 0.9999809313309537, 0.9999865367393015, 0.9999738799919815, 0.9999858520910528, 0.999919076335594, 0.9999966689676854, 0.9999429835787197, 0.9999999707486725, 0.9999748621269962, 0.9999798366237993, 0.9999901981586781, 0.9999813395238425], [0.9999824632254847, 0.999993303933218, 0.9999985523121041, 0.9999899071427065, 0.9999856088705622, 0.9999664134590877, 0.999988580030521, 0.9999998795680277, 0.9999779506592641, 0.9999961509211065, 0.9999655884638529, 0.999998683260191, 0.9999927763435645, 0.9999965790891164, 0.9999782208724249, 0.9999929003563907, 0.9999977649352302, 0.9999996059894454, 0.9999836268583955, 0.9999962589847798, 0.999999909800973, 0.999991943333944, 1.0, 0.9999442546716121, 0.9999981500778519, 0.9999815983336467, 0.9999963448684321, 0.9999702618882121, 0.9999976632809767, 0.9999576594935884, 0.9999948340417427, 0.9999991479039868, 0.9999620485065767, 0.9999989730495057, 0.9999777748957921, 0.9999909432762809, 0.9999952657449376, 0.9999972700244392, 0.9999999145022814, 0.9999978047755858], [0.9999892446368274, 0.9998989692964853, 0.9999248565916357, 0.9999815929457945, 0.9998733169137233, 0.9998243687585189, 0.9999832888355185, 0.9999493133841016, 0.9998522405685887, 0.9999696927075151, 0.999997437612448, 0.9999258183669291, 0.9998969516518037, 0.9999132451767199, 0.9999921580248557, 0.9999769339049129, 0.9999197174156731, 0.9999344947081574, 0.9999882976460706, 0.9999693866194631, 0.9999486465999237, 0.9999785739924489, 0.9999442546716121, 1.0, 0.9999221141370545, 0.9998619246531301, 0.9999691390726654, 0.9998332958876932, 0.9999191144434402, 0.9999990789577365, 0.9999051904452121, 0.9999296301135222, 0.9998145875296224, 0.9999583533285596, 0.999851787144158, 0.9999801278109653, 0.9999070684341663, 0.9999168777716961, 0.9999398059447845, 0.9999199568381959], [0.9999692267876003, 0.9999984928887917, 0.9999999753747931, 0.9999794178933642, 0.9999940770245683, 0.9999803208668168, 0.9999775405522808, 0.9999970856810817, 0.9999888708540121, 0.9999889650831885, 0.9999477922623186, 0.9999999547877251, 0.9999982373030414, 0.9999997604133799, 0.9999636825499836, 0.9999838041226063, 0.9999999818019685, 0.999999463550437, 0.9999707744615136, 0.9999891485694746, 0.9999972429448578, 0.9999823742903855, 0.9999981500778519, 0.9999221141370545, 1.0, 0.9999914152358523, 0.9999892951759639, 0.9999832402487797, 0.9999999716005741, 0.9999381231472848, 0.9999991667744202, 0.9999998089977246, 0.999976946998287, 0.9999943667371151, 0.999988745847296, 0.9999809093261225, 0.9999993345299607, 0.9999999146437543, 0.9999988599610395, 0.9999999852340585], [0.9999281768931466, 0.9999971015352547, 0.9999904712488045, 0.9999442760350056, 0.9999997536302208, 0.9999977297477254, 0.9999412152656223, 0.999978501852726, 0.999999835022674, 0.9999609295069153, 0.9998969393616474, 0.9999901243006732, 0.9999974320897106, 0.9999940435379585, 0.9999198333603554, 0.9999516586296673, 0.9999921873980535, 0.9999865881149311, 0.9999305503878457, 0.9999612752695082, 0.9999789325640773, 0.9999492117421447, 0.9999815983336467, 0.9998619246531301, 0.9999914152358523, 1.0, 0.9999615525257692, 0.9999986443890106, 0.9999923741826255, 0.9998835300673844, 0.9999959305020746, 0.9999886638857387, 0.9999964948841984, 0.9999718819027532, 0.9999998194910011, 0.999946746768502, 0.9999955295709781, 0.9999930416236014, 0.9999840206212821, 0.9999921124088075], [0.9999948194928743, 0.9999797577693716, 0.9999902972380287, 0.999998399311929, 0.999967456968219, 0.999940625557383, 0.9999978460817431, 0.9999975513325662, 0.9999563558223239, 0.9999999974930316, 0.9999843596467682, 0.9999906411303269, 0.9999788480846762, 0.9999858534291262, 0.9999924085381504, 0.9999994334043515, 0.9999883944162677, 0.9999935509613357, 0.9999954429099902, 0.9999999995012957, 0.9999974029974433, 0.9999991413171052, 0.9999963448684321, 0.9999691390726654, 0.9999892951759639, 0.9999615525257692, 1.0, 0.9999457779015049, 0.9999881642583794, 0.999978879203757, 0.9999824907137622, 0.9999919636115808, 0.9999348697893634, 0.9999991927360788, 0.999956108800718, 0.9999987950992394, 0.9999832932343653, 0.9999872984641321, 0.9999951414088113, 0.9999884854154455], [0.9999071282170241, 0.9999917825233035, 0.9999819313554161, 0.9999255684607609, 0.9999972423046585, 0.9999998827270691, 0.9999220386967573, 0.99996635929138, 0.9999994252148409, 0.9999450387491405, 0.9998720075420777, 0.9999814548759541, 0.9999923458576341, 0.9999870070016571, 0.9998976756659331, 0.9999341386423115, 0.9999843261333619, 0.9999767102991031, 0.9999098289102748, 0.9999454488475941, 0.9999668984719826, 0.9999312886326668, 0.9999702618882121, 0.9998332958876932, 0.9999832402487797, 0.9999986443890106, 0.9999457779015049, 1.0, 0.9999845911114192, 0.9998571171136235, 0.9999898788657439, 0.999979472720747, 0.9999994988093781, 0.9999581921094727, 0.9999994532038687, 0.9999284273132854, 0.9999892521272593, 0.9999855461110061, 0.9999733635552666, 0.9999842200151021], [0.999967329636513, 0.9999988782477329, 0.9999998940853406, 0.9999778609654298, 0.9999948687929637, 0.9999817869147626, 0.9999759154794594, 0.9999964819414068, 0.9999899665641495, 0.9999878173022254, 0.9999453304703841, 0.9999998547225445, 0.9999986563703895, 0.9999998969878071, 0.9999616241777554, 0.9999824197224878, 0.999999998869613, 0.9999991882958039, 0.999968924869969, 0.9999880101305701, 0.9999966549421091, 0.9999809313309537, 0.9999976632809767, 0.9999191144434402, 0.9999999716005741, 0.9999923741826255, 0.9999881642583794, 0.9999845911114192, 1.0, 0.9999354458891848, 0.9999994460278206, 0.9999996332989367, 0.9999785359305642, 0.9999935384774937, 0.999989847849414, 0.9999794087870804, 0.9999995810751034, 0.999999984713955, 0.9999984717030844, 0.9999999977904239], [0.9999946181711886, 0.9999173258165892, 0.9999405653062938, 0.9999889062237117, 0.9998939760983788, 0.9998488405319705, 0.9999902137025575, 0.9999620533142013, 0.9998746196120623, 0.9999793368175036, 0.9999995890643583, 0.9999414204665709, 0.9999154992825214, 0.9999301905545113, 0.9999966119122833, 0.9999852302993579, 0.9999359845376461, 0.9999491017396049, 0.9999939424166129, 0.999979083924168, 0.9999614760161978, 0.9999865367393015, 0.9999576594935884, 0.9999990789577365, 0.9999381231472848, 0.9998835300673844, 0.999978879203757, 0.9998571171136235, 0.9999354458891848, 1.0, 0.9999229452581053, 0.9999448026798148, 0.9998397529705322, 0.9999698161547061, 0.9998742017694422, 0.9999877624505574, 0.9999246377218105, 0.999933445738398, 0.9999537708581141, 0.9999361983517097], [0.9999582729775625, 0.999999900875343, 0.999998855671558, 0.9999703064260224, 0.9999976865999426, 0.9999875835833043, 0.9999680600671398, 0.9999931362805845, 0.9999941270637135, 0.9999820692969029, 0.999933781030618, 0.9999987333868402, 0.9999998278865673, 0.9999998207830969, 0.9999518557381176, 0.9999756269416844, 0.9999993948499932, 0.9999972932624293, 0.9999600781864934, 0.9999823033753333, 0.9999933787751459, 0.9999738799919815, 0.9999948340417427, 0.9999051904452121, 0.9999991667744202, 0.9999959305020746, 0.9999824907137622, 0.9999898788657439, 0.9999994460278206, 0.9999229452581053, 1.0, 0.9999981779352466, 0.9999848755505014, 0.9999892013655768, 0.999994036145674, 0.9999721032180653, 0.9999999905812892, 0.9999996147841786, 0.9999960776230644, 0.9999993738465287], [0.9999738827042511, 0.9999972288945492, 0.9999999215360124, 0.9999831913089146, 0.9999917591651672, 0.999976254695944, 0.9999814907257122, 0.99999838680353, 0.9999857648886977, 0.9999916772578384, 0.9999539128568564, 0.9999999496416342, 0.9999968858964338, 0.9999991415793905, 0.9999687566664979, 0.9999871300317587, 0.9999996728875219, 0.9999999127442157, 0.999975307012223, 0.9999918365133472, 0.9999985032526291, 0.9999858520910528, 0.9999991479039868, 0.9999296301135222, 0.9999998089977246, 0.9999886638857387, 0.9999919636115808, 0.999979472720747, 0.9999996332989367, 0.9999448026798148, 0.9999981779352466, 1.0, 0.9999725622311414, 0.999996250174419, 0.9999856235676565, 0.9999845364780552, 0.999998430511434, 0.9999994682759479, 0.999999602225705, 0.9999996880189158], [0.9998930189496555, 0.9999872243381138, 0.999975416449853, 0.9999128800205592, 0.9999943903302635, 0.9999998664093437, 0.9999090656045088, 0.9999576563915684, 0.9999978506596893, 0.9999340601360696, 0.9998555420090072, 0.9999748612909096, 0.9999879291122876, 0.9999814053278556, 0.9998828934001766, 0.9999221710360726, 0.9999782234531256, 0.9999693827604172, 0.9998959182090918, 0.9999345092906892, 0.9999582614388584, 0.999919076335594, 0.9999620485065767, 0.9998145875296224, 0.999976946998287, 0.9999964948841984, 0.9999348697893634, 0.9999994988093781, 0.9999785359305642, 0.9998397529705322, 0.9999848755505014, 0.9999725622311414, 1.0, 0.999948549731938, 0.9999979051062975, 0.9999159744449316, 0.9999841116217382, 0.9999796656133189, 0.9999655627553437, 0.999978098425343], [0.9999899226941278, 0.99998703356695, 0.9999950869503205, 0.9999953186957055, 0.9999768966188446, 0.9999536522348836, 0.9999944017365924, 0.9999995559695094, 0.9999674128796562, 0.9999991002571449, 0.9999764475645077, 0.9999953307830446, 0.999986303404691, 0.9999918040079794, 0.9999866509262525, 0.9999972735701913, 0.9999937082546694, 0.9999973068842365, 0.9999908000256521, 0.9999991521087097, 0.9999994915490809, 0.9999966689676854, 0.9999989730495057, 0.9999583533285596, 0.9999943667371151, 0.9999718819027532, 0.9999991927360788, 0.9999581921094727, 0.9999935384774937, 0.9999698161547061, 0.9999892013655768, 0.999996250174419, 0.999948549731938, 1.0, 0.9999671993320246, 0.9999960154467006, 0.9999898296570153, 0.9999928947159342, 0.9999982949399089, 0.99999377521553], [0.9999208074722894, 0.9999954745760554, 0.9999876686620781, 0.9999377614431844, 0.9999991513653487, 0.9999988294981134, 0.9999345294290919, 0.9999743841342356, 0.9999999996506985, 0.9999554433812172, 0.9998881519523478, 0.9999872744320003, 0.9999958900902265, 0.9999917896961085, 0.99991205897689, 0.9999455776543877, 0.9999896325231664, 0.9999832971455855, 0.9999233004429534, 0.9999558126330162, 0.9999748544437856, 0.9999429835787197, 0.9999777748957921, 0.999851787144158, 0.999988745847296, 0.9999998194910011, 0.999956108800718, 0.9999994532038687, 0.999989847849414, 0.9998742017694422, 0.999994036145674, 0.9999856235676565, 0.9999979051062975, 0.9999671993320246, 1.0, 0.9999403738896812, 0.9999935527967136, 0.9999906202524869, 0.9999804451919675, 0.9999895461713895], [0.9999986113181455, 0.9999686801778285, 0.9999822556035042, 0.9999999719417982, 0.9999537373943691, 0.9999225274605347, 0.9999998631369795, 0.9999929113900382, 0.9999406617721709, 0.9999989025117243, 0.999991836250984, 0.9999827216977911, 0.9999675512856909, 0.9999763940996185, 0.9999972522571151, 0.9999998810043866, 0.9999797126843706, 0.999986771925692, 0.9999989244655856, 0.9999988436259724, 0.9999926605527001, 0.9999999707486725, 0.9999909432762809, 0.9999801278109653, 0.9999809093261225, 0.999946746768502, 0.9999987950992394, 0.9999284273132854, 0.9999794087870804, 0.9999877624505574, 0.9999721032180653, 0.9999845364780552, 0.9999159744449316, 0.9999960154467006, 0.9999403738896812, 1.0, 0.9999731184947142, 0.9999782718401177, 0.9999890981326294, 0.999979833040215], [0.9999595165217718, 0.9999998303462734, 0.9999990538837644, 0.9999713541584363, 0.9999973819772162, 0.9999868904703093, 0.9999691470210453, 0.9999936353130925, 0.9999936473398514, 0.99998288152466, 0.9999353495106104, 0.9999989424108802, 0.9999997379429186, 0.9999998935345513, 0.999953192065377, 0.9999765753706135, 0.9999995364228684, 0.999997603164035, 0.9999612943593739, 0.999983110225479, 0.9999938687473443, 0.9999748621269962, 0.9999952657449376, 0.9999070684341663, 0.9999993345299607, 0.9999955295709781, 0.9999832932343653, 0.9999892521272593, 0.9999995810751034, 0.9999246377218105, 0.9999999905812892, 0.999998430511434, 0.9999841116217382, 0.9999898296570153, 0.9999935527967136, 0.9999731184947142, 1.0, 0.9999997258344113, 0.9999964525907631, 0.9999995180172893], [0.9999659017423319, 0.9999991248509028, 0.9999997983256275, 0.9999766826522772, 0.9999954135740876, 0.9999828264308245, 0.999974687176223, 0.9999960028923139, 0.999990734350662, 0.9999869391369584, 0.9999434883754108, 0.9999997451880087, 0.9999989277046566, 0.9999999610653915, 0.9999600780163157, 0.9999813679739711, 0.999999975269934, 0.9999989502342952, 0.9999675318642888, 0.9999871388186607, 0.9999961874380349, 0.9999798366237993, 0.9999972700244392, 0.9999168777716961, 0.9999999146437543, 0.9999930416236014, 0.9999872984641321, 0.9999855461110061, 0.999999984713955, 0.999933445738398, 0.9999996147841786, 0.9999994682759479, 0.9999796656133189, 0.9999928947159342, 0.9999906202524869, 0.9999782718401177, 0.9999997258344113, 1.0, 0.9999981507379905, 0.9999999708810186], [0.9999799294278694, 0.9999947315561488, 0.9999991704346898, 0.9999879640955799, 0.9999877412945308, 0.999969714756314, 0.9999865186658259, 0.9999995911267536, 0.9999806100478998, 0.9999949181880217, 0.9999620740735419, 0.9999992688074753, 0.9999942624315413, 0.999997575171951, 0.9999754071086203, 0.9999912568478906, 0.9999985536983799, 0.9999998875714111, 0.9999811756462363, 0.9999950424687822, 0.999999648670427, 0.9999901981586781, 0.9999999145022814, 0.9999398059447845, 0.9999988599610395, 0.9999840206212821, 0.9999951414088113, 0.9999733635552666, 0.9999984717030844, 0.9999537708581141, 0.9999960776230644, 0.999999602225705, 0.9999655627553437, 0.9999982949399089, 0.9999804451919675, 0.9999890981326294, 0.9999964525907631, 0.9999981507379905, 1.0, 0.9999985857122993], [0.9999678645131282, 0.9999987764698265, 0.9999999224715621, 0.9999783009466727, 0.9999946536520189, 0.999981383687889, 0.9999763744677928, 0.9999966560546979, 0.9999896666412303, 0.9999881431629006, 0.9999460228358112, 0.9999998883459179, 0.9999985451899867, 0.9999998646046054, 0.9999622040221063, 0.9999828115818504, 0.9999999998208448, 0.9999992707849887, 0.9999694464812692, 0.9999883333855172, 0.9999968246659287, 0.9999813395238425, 0.9999978047755858, 0.9999199568381959, 0.9999999852340585, 0.9999921124088075, 0.9999884854154455, 0.9999842200151021, 0.9999999977904239, 0.9999361983517097, 0.9999993738465287, 0.9999996880189158, 0.999978098425343, 0.99999377521553, 0.9999895461713895, 0.999979833040215, 0.9999995180172893, 0.9999999708810186, 0.9999985857122993, 1.0]]}, "task_id": "task_4", "task_output": [[0.00027261356592821125, 0.00020866791150589978, 0.000200109734470974, 0.00039843246011286225, 6.744715091636845e-05], [4.295283849884081e-05, 0.0001231514374896884, 0.0004670081276691976, 0.00015583488607533286, 0.0002460225686884478], [2.4858063708784265e-05, 5.765025843829161e-05, 0.00043680392350130634, 0.00022066634416486797, 0.00019400704829158666], [0.00021691889938906176, 0.000146972889639733, 0.0002641119256448607, 0.0003638211918494139, 4.670222483776312e-06], [0.00011275226568178754, 0.0001896019195659207, 0.0004910661398983738, 8.603754324571632e-05, 0.0002972107615476742], [0.0002574419460673606, 0.00032762386350206307, 0.0005415366822693244, 6.13873566767036e-05, 0.0004074759493766316], [0.00022742641933084907, 0.0001586463120438772, 0.00025211937591699125, 0.00037032804023284625, 1.5414169215932135e-05], [9.109778417456511e-05, 9.698361359277671e-06, 0.00039238385797216646, 0.00027781022219432086, 0.00013514588884509638], [0.00017315307783483707, 0.0002470627741982099, 0.0005109918834613584, 2.4787480402533284e-05, 0.00034219529788134193], [0.0001592686443936114, 8.304338623484303e-05, 0.0003278152305603288, 0.00032716182500155125, 6.332156773009349e-05], [0.00038598658681683005, 0.0003321831950523471, 7.017953419213178e-05, 0.0004733911484299999, 0.00019671727035039299], [2.73641628587693e-05, 5.517688437367678e-05, 0.0004354414720849696, 0.0002229724435560292, 0.00019195991619023382], [4.831160886021872e-05, 0.0001282730414510483, 0.0004690082922044267, 0.0001505456598732923, 0.0002499787018497426], [5.6683651388592745e-06, 8.713034537184226e-05, 0.00045165394187469444, 0.0001922690016339293, 0.00021785328393687613], [0.00030210730944678664, 0.00024108906848677953, 0.00016609442938898068, 0.00041718022777260965, 0.00010141553945076279], [0.00019157362707408878, 0.00011880539655905129, 0.00029267932775244515, 0.00034799707234681724, 2.677751520713224e-05], [1.1534337923238523e-05, 7.07662880633589e-05, 0.0004437140794245642, 0.0002082279515437542, 0.00020473404559996977], [5.0186465604166974e-05, 3.245752227725801e-05, 0.0004219738826597881, 0.00024349963889487108, 0.0001727444382018841], [0.0002643158528736693, 0.00019951119171879064, 0.00020968479127674619, 0.00039323041592390627, 5.786202586407026e-05], [0.0001580409023382015, 8.16912574861913e-05, 0.0003291097032942897, 0.00032634669422641494, 6.469184161661252e-05], [8.916696259899095e-05, 7.71908920231049e-06, 0.000393947164493198, 0.000276271124773942, 0.00013702029049644844], [0.00019998617297260784, 0.0001281521056697117, 0.0002832680065156731, 0.000353280905960931, 1.7240853595661674e-05], [7.67089406461387e-05, 5.669641306376327e-06, 0.00040363444247582014, 0.00026614337853232977, 0.00014887267529090689], [0.0005226733437017141, 0.00047768661216128163, 8.262703282628583e-05, 0.0005747087107905364, 0.0003479390257009364], [1.7731622986846596e-05, 6.466805238281092e-05, 0.0004405656050649955, 0.00021405355690048793, 0.00019977250993412197], [0.00014504145535565961, 0.0002203001240721568, 0.0005016308158738791, 5.3332678810367315e-05, 0.00032109961963505077], [0.00015705470583693827, 8.060565822346429e-05, 0.0003301468854845036, 0.00032569041851672497, 6.579112656135561e-05], [0.00022990748748007443, 0.0003012501480295447, 0.0005310446408308969, 3.3290922934473876e-05, 0.0003858047868872996], [9.983785728367678e-06, 7.229634362580549e-05, 0.0004444871521249935, 0.0002067553236168417, 0.0002059722665584608], [0.00043718289183741944, 0.0003870500241585048, 1.2503047111262459e-05, 0.000509999279038191, 0.00025389307219779894], [2.6548731767556673e-05, 0.0001074255579899016, 0.0004606112788656787, 0.00017192468687866465, 0.00023381459840829822], [3.733595651075004e-05, 4.5296745925596255e-05, 0.0004298003822887911, 0.0002320491008261276, 0.00018369817394706556], [0.00028817332049373856, 0.00035712584685899755, 0.0005539366675259257, 9.278009542082255e-05, 0.0004320517698579568], [0.00011868371634691145, 3.8846040527887084e-05, 0.0003683033656481077, 0.00029890015786584616, 0.00010730573354449151], [0.00017448432159059688, 0.0002483312735190472, 0.0005114423719459872, 2.3437163271825906e-05, 0.00034320217919492477], [0.00020844469901727206, 0.00013755388070875346, 0.0002737296703689439, 0.0003585583606249825, 7.995545002516092e-06], [2.1631132858631808e-05, 0.00010269163032660353, 0.00045859943572674247, 0.00017671694115994926, 0.00023011606225185037], [4.347939954907993e-06, 7.796021675489193e-05, 0.00044729216806108654, 0.00020126762600159034, 0.0002105340986787706], [6.446123713869067e-05, 1.804447087334914e-05, 0.00041248357237700777, 0.