{"model": null, "reduction_technique": "SVD", "latent_features": {"matrix_mxk": [[-0.15965298015814366, 0.008785601571020374, -0.1418059011965462, 0.24954815057108, -0.14245611655345303], [-0.1587396224124169, -0.11193468177262014, 0.2369655549956096, -0.10455046202403041, -0.05299493879715527], [-0.16002642429089964, -0.09711920991723526, -0.15886965223401145, 0.17939712343043868, 0.1041516839279842], [-0.161144597066181, -0.09880754311244642, 0.13938770581284748, 0.000597698651790598, 0.12144720933482923], [-0.15498929937491604, 0.28591271839092414, 0.048425919552202934, -0.010328075097650968, -0.0037593562897314243], [-0.15960834932764856, -0.15930503917713362, 0.12971131794089666, 0.02577613428957538, 0.07330456661992907], [-0.15895625991495718, -0.052623652210366294, -0.2475288792620368, -0.04567343564982043, 0.21813467858532756], [-0.159828530196425, -0.03735040798901854, -0.12515724490991254, 0.15511364428001298, -0.24948820860565796], [-0.15598829877063156, 0.2536698621686047, 0.12040515002106898, -0.006507480744574035, 0.005965409017354793], [-0.15538647715635667, -0.18722870697362615, 0.005769858623310544, 0.021336900503430515, -0.13348916679962305], [-0.1591754655991515, -0.18946943093931246, 0.05928220111338946, 0.08565677182918882, 0.04767341964343401], [-0.15451479384695907, 0.277734929901159, 0.130696748435354, -0.049696950966541274, -0.04077424766591223], [-0.16051075863498365, -0.1131886665535885, -0.04897242668973164, 0.07148535960949177, 0.0712731918907174], [-0.1606290078206603, -0.10510994723783237, 0.19694506793109856, -0.005545551290398242, 0.09818656963238676], [-0.16005199035436543, 0.06930936606153454, 0.0750538923726456, -0.05716295577423867, 0.18987009969470872], [-0.15934725384449408, -0.17111945401077325, 0.12714252744096702, 0.03738271641124919, 0.05833225638069758], [-0.1595872194554892, -0.042132820437638066, 0.26658472992768045, -0.08766893957546569, -0.08881778832388663], [-0.15099949719131595, 0.29819743484413, -0.006063243464356057, 0.03855170716350928, -0.3006459094032417], [-0.16021939607919747, -0.13168883091486, 0.1630302576081993, 0.011998568211115022, 0.03583966159453041], [-0.15894983912117125, -0.11840735558031991, 0.15936475998694666, -0.18935666754867517, -0.20061128790184912], [-0.15941220997891598, -0.07903566632078092, -0.19294816936831846, 0.09924256666177675, 0.17084610463072852], [-0.1599667358045213, 0.02847636159606118, 0.2516230230182081, -0.045007957494944156, -0.0027787594907755344], [-0.15677029929779512, 0.24151892494011248, 0.0974625917489638, -0.011001849426556213, 0.04457141035084708], [-0.15775117778752407, 0.21531138713306305, -0.05367442473131122, 0.1110654869998896, 0.15311947143498797], [-0.15108003663416567, 0.31945449914318136, 0.013441872262407811, 0.12898224605942993, 0.12307221567468911], [-0.1577100629237976, -0.03255150200424635, -0.15194954746794945, 0.30284773128206977, 0.03504196398761086], [-0.1602387293376824, -0.08425750999468255, -0.16408409436040858, -0.2134740101980328, -0.03312657284341812], [-0.15631659972962322, -0.031099527975156197, -0.271462846898919, -0.3878013740010027, -0.13566804843122024], [-0.15987505206138214, -0.12476674719160394, 0.17654862682248879, -0.0038394455810971707, 0.09323086408399318], [-0.1568308832579481, 0.04270402866960102, -0.15790621774388955, 0.21555280070694322, -0.4450493910731223], [-0.1599906446592663, -0.04953821807959491, 0.25718387186343183, -0.08973014856533025, -0.03945298122876001], [-0.16017061431742322, -0.1559240287398142, -0.006975253287704276, 0.07923880048883948, 0.11224065253615163], [-0.15453070978315217, 0.14572875860753334, -0.26882931024225754, -0.23328464046300285, 0.2299938475062018], [-0.1578718209542191, -0.08579259899709982, -0.20441678295263926, -0.29777455066148834, 0.11474621365529737], [-0.1592516876062741, -0.12429199505317311, -0.03695585801384111, 0.14598796103449746, -0.1332936633819213], [-0.1568118788476811, 0.19387243861988995, -0.11244952290688086, -0.004863359524328036, 0.3128244244402637], [-0.1563723949008776, -0.049393766229281134, -0.17937575553066779, -0.4363749980262829, -0.2598976055719379], [-0.15267546050562944, 0.30849198977387493, 0.10267090323461678, -0.031587952183610435, -0.09808284233687917], [-0.16113812154610696, -0.12382219882296196, -0.08258566219421211, 0.14487588815575497, 0.11675750682314007], [-0.16061953426002895, -0.05304529420867605, -0.15832441074669254, 0.1900532711634247, -0.1908006515103618]], "matrix_kxk": [1385.2020884848814, 1.5418576777273392, 0.29901384172274786, 0.07970298100116453, 0.04755849815593133], "matrix_nxm": [[1.0, 0.9228054126730868, 0.965097659187507, 0.9421704399915262, 0.9166533675849835, 0.9305119888264993, 0.960411881892335, 0.9921997668632372, 0.9191889933645048, 0.9191955357377376, 0.944328404014604, 0.9064547097804874, 0.9560954085867179, 0.9353397095677618, 0.9350563699012703, 0.9420612226177599, 0.9214882875560757, 0.9153827754181298, 0.943385859745479, 0.9213802149042721, 0.9659276646475445, 0.931155633998083, 0.9237421435615624, 0.9520711636275366, 0.9035768565756123, 0.9566215711151989, 0.9539939288962244, 0.9230974846714329, 0.9260745848259221, 0.9682107059740405, 0.9294466003753205, 0.959920719036676, 0.9112006023713478, 0.9308671478696013, 0.9438040681881347, 0.933943421307242, 0.9192143323308279, 0.9012074321473785, 0.9647724339247009, 0.9878605346117739], [0.9228054126730868, 1.0, 0.9325838889996085, 0.9743417397005761, 0.8834404061566599, 0.9724207406754519, 0.9189181615654344, 0.9336268514351811, 0.9015206272616391, 0.9279348502557088, 0.9699159462929409, 0.8897260472581126, 0.9564236898447454, 0.9853797695697831, 0.9306012783478739, 0.9857923714386003, 0.9873529448188477, 0.854480810727848, 0.9916274763873651, 0.9895188750374099, 0.9288880628076573, 0.9774471110067557, 0.9019493649962352, 0.8941327642324455, 0.8497356344178012, 0.9054944850705896, 0.9498667608933512, 0.9010979648228546, 0.9781451702643308, 0.8974751162110579, 0.9952463724530445, 0.9710633148859892, 0.854381283851632, 0.9320203447913331, 0.9410755202720027, 0.8831245952295306, 0.922316051092945, 0.8725020203705215, 0.9499289392578929, 0.933709955947824], [0.965097659187507, 0.9325838889996085, 1.0, 0.9583062019494996, 0.8847755466934102, 0.9587214312464907, 0.974331828029812, 0.9662549485041528, 0.8895166209624341, 0.9345228530057655, 0.9644644897979905, 0.87500368568949, 0.9838609332918903, 0.9508296287830396, 0.9422428961735244, 0.9563612253101843, 0.9320159422284771, 0.8567020400321393, 0.953817230153318, 0.9359135918364732, 0.9927183041430322, 0.9311388537406698, 0.8989711668059005, 0.9246385780132343, 0.8632638818210423, 0.9818706548623976, 0.9684944383584844, 0.9374004769738983, 0.9545095347083076, 0.9426517343275932, 0.9331089572190655, 0.9768780570510562, 0.9132511578591445, 0.9605418562297597, 0.9722772163658968, 0.9224486928639541, 0.9231630969820908, 0.8608457953391326, 0.9948745155966827, 0.984409541049304], [0.9421704399915262, 0.9743417397005761, 0.9583062019494996, 1.0, 0.8972768622601838, 0.9940795311102189, 0.9437923364532238, 0.9491560519690534, 0.9133577186761627, 0.968889959265475, 0.9871366435456523, 0.9022436030714192, 0.9685312770937894, 0.9964350856534576, 0.970941429018918, 0.9868513768931123, 0.9764255203368647, 0.8614736560052888, 0.9892695738921777, 0.9679780984130051, 0.9508161806809377, 0.971497735042181, 0.9203194822884433, 0.9178622259696511, 0.86959216694563, 0.9325176939149116, 0.9520650102174645, 0.9187622205676629, 0.9949054541195393, 0.9127610256700964, 0.9791559575067456, 0.9799505627169242, 0.9016510585083841, 0.9407973720650298, 0.967626624740127, 0.9173441318317676, 0.9240778751657708, 0.8838948984652577, 0.9791717033728528, 0.9522734189427031], [0.9166533675849835, 0.8834404061566599, 0.8847755466934102, 0.8972768622601838, 1.0, 0.8655681726731994, 0.8903147799425168, 0.9022628546586257, 0.9954802219116997, 0.8295358379245309, 0.8506566335937019, 0.9923754049136866, 0.8814849096159527, 0.8940249499759906, 0.9500713923317947, 0.8607949902527794, 0.912298778893519, 0.9725779208434517, 0.8831487710926513, 0.8790865606381169, 0.8874100843184624, 0.9408865824178141, 0.9950356627862371, 0.9845456903205255, 0.9858608735834697, 0.8946284149123197, 0.8904691816805554, 0.88426879633162, 0.8824610056329542, 0.919445525421019, 0.9133688175435359, 0.8680323388464896, 0.9359427603007724, 0.8789329949793823, 0.8765921803005836, 0.9679265243963856, 0.8812617497793055, 0.9905839621168187, 0.882760334889648, 0.9036955484547593], [0.9305119888264993, 0.9724207406754519, 0.9587214312464907, 0.9940795311102189, 0.8655681726731994, 1.0, 0.9344926669417543, 0.9398206073097876, 0.8810651702930294, 0.9763691279325614, 0.9945679160827198, 0.8723500090155356, 0.9756417974202617, 0.9937402574018811, 0.9473845843960151, 0.9896678499473164, 0.972008305927613, 0.8370687684917041, 0.985368279512921, 0.9736648167964103, 0.9426867602899021, 0.9545440893660673, 0.8881754281681418, 0.89259530504733, 0.8412256235439538, 0.9373875149737576, 0.9499977066876848, 0.9135987640372, 0.9919670871286509, 0.9063717392702615, 0.9701555813091052, 0.9788223453168804, 0.8826378495688626, 0.9313751731403763, 0.9760368294700604, 0.8941749093954751, 0.9202689228495987, 0.8547618071531335, 0.980638836782726, 0.9470489905530645], [0.960411881892335, 0.9189181615654344, 0.974331828029812, 0.9437923364532238, 0.8903147799425168, 0.9344926669417543, 1.0, 0.9579404996702318, 0.8926687178069607, 0.912149145937715, 0.9459409585734185, 0.8770916716078145, 0.9656699821369312, 0.9334090525196269, 0.9389612227901579, 0.9420033999382581, 0.905942206384033, 0.8601180310358938, 0.9396490273961958, 0.9195570836483805, 0.9836548667708556, 0.9131797355746076, 0.9005386655110111, 0.9316257391733304, 0.874127506222089, 0.9470256109182738, 0.9808478163324585, 0.9586401512399174, 0.9335767404044787, 0.9204354525933921, 0.9184588002517974, 0.9693451203279636, 0.9490724410546789, 0.9768760882848682, 0.940208707281528, 0.9452507035934476, 0.945502297211081, 0.8643267252934232, 0.9736420928362676, 0.9667769150514676], [0.9921997668632372, 0.9336268514351811, 0.9662549485041528, 0.9491560519690534, 0.9022628546586257, 0.9398206073097876, 0.9579404996702318, 1.0, 0.9073041607443563, 0.9330302426969784, 0.9518804083695132, 0.8995054574619148, 0.9583716306867393, 0.9407151964385669, 0.9346073257517873, 0.950691887435611, 0.9302320292024896, 0.9099828158867526, 0.9516604536542473, 0.9370259830500463, 0.9689897096638801, 0.9330153362274147, 0.911852825000218, 0.928117393745388, 0.8741272890943539, 0.946150142917398, 0.9618183859753933, 0.9376962433163752, 0.9379677902918203, 0.9663313740346963, 0.9373127736522828, 0.9669322180348127, 0.8989878058064783, 0.943284542011352, 0.9508932234098223, 0.9129128382301237, 0.9377421244069304, 0.8931438270370337, 0.9675493816206879, 0.9922679918432729], [0.9191889933645048, 0.9015206272616391, 0.8895166209624341, 0.9133577186761627, 0.9954802219116997, 0.8810651702930294, 0.8926687178069607, 0.9073041607443563, 1.0, 0.8388179975211187, 0.8635579906771463, 0.9940921502831674, 0.8901672563788746, 0.91095721219322, 0.9630756658706713, 0.8756879461029006, 0.9311869496155752, 0.9599851265226831, 0.8993248785074899, 0.894046227150003, 0.8906830166969152, 0.9595309214736056, 0.9988177902268214, 0.9790799148239125, 0.9744542415150159, 0.8970501847250436, 0.8943668898647398, 0.8805219615363524, 0.901572041021071, 0.9163040736691869, 0.9323294713457028, 0.8792054820179632, 0.9227520097818507, 0.8793698857148058, 0.8852555981025445, 0.957873231095336, 0.880966347114909, 0.9867937362228695, 0.8909474244144724, 0.9076825565974646], [0.9191955357377376, 0.9279348502557088, 0.9345228530057655, 0.968889959265475, 0.8295358379245309, 0.9763691279325614, 0.912149145937715, 0.9330302426969784, 0.8388179975211187, 1.0, 0.9777681490183013, 0.8263779461893829, 0.9351268138384291, 0.9577043636798435, 0.9129373414527647, 0.9592787948939976, 0.9254750294744424, 0.8156245036473354, 0.9551259693518616, 0.9393395014055291, 0.9150761304486816, 0.9054471625532418, 0.8472503891795293, 0.8574554526359319, 0.805816915116755, 0.9050935657869807, 0.9281010678364273, 0.9157636330815597, 0.9657475894469898, 0.9212624817496993, 0.9237436943213957, 0.9516885536204293, 0.8799143324423289, 0.9132304901511182, 0.9735102886614806, 0.8618980438039524, 0.9238448434098989, 0.8141092508201345, 0.959730671294183, 0.9420181989683554], [0.944328404014604, 0.9699159462929409, 0.9644644897979905, 0.9871366435456523, 0.8506566335937019, 0.9945679160827198, 0.9459409585734185, 0.9518804083695132, 0.8635579906771463, 0.9777681490183013, 1.0, 0.8504424148631714, 0.9759966460864246, 0.9863159441699282, 0.9286683437639057, 0.9950058339140008, 0.9562398972907415, 0.8290044573393719, 0.9878647257136575, 0.9672581116472452, 0.9527324951463673, 0.9394132328091, 0.869925254918254, 0.8882065086460535, 0.8326280562417809, 0.9383044615081371, 0.955082628138972, 0.9131456751835653, 0.9845213257002582, 0.9141050222082656, 0.9611570106592378, 0.9899082482361762, 0.8780232102635993, 0.9373253864586439, 0.975588829646726, 0.8896989420415339, 0.9203833855300643, 0.8350232005535221, 0.9846143010669374, 0.9576621589666682], [0.9064547097804874, 0.8897260472581126, 0.87500368568949, 0.9022436030714192, 0.9923754049136866, 0.8723500090155356, 0.8770916716078145, 0.8995054574619148, 0.9940921502831674, 0.8263779461893829, 0.8504424148631714, 1.0, 0.8840336792147022, 0.9003582708155636, 0.9550160330076513, 0.8625970617787034, 0.9260835785844408, 0.9740590181085695, 0.8829897210829702, 0.8892320672695668, 0.8753015678137085, 0.9485781456356571, 0.99301314909781, 0.9706522364286037, 0.9705165855965819, 0.8850784469539678, 0.8844296646412679, 0.8775647831880489, 0.8889989445881832, 0.901516169690802, 0.9216283656252862, 0.863118398912142, 0.9172060450709959, 0.8662178464972445, 0.8702616041883992, 0.954040279927225, 0.8772737832347335, 0.9969814602799104, 0.8768915808837595, 0.8936403958353663], [0.9560954085867179, 0.9564236898447454, 0.9838609332918903, 0.9685312770937894, 0.8814849096159527, 0.9756417974202617, 0.9656699821369312, 0.9583716306867393, 0.8901672563788746, 0.9351268138384291, 0.9759966460864246, 0.8840336792147022, 1.0, 0.9713343576625446, 0.9432986786692962, 0.9723535571709127, 0.9577440619975538, 0.8582171865544221, 0.963799661824851, 0.9667035062070284, 0.9724027970445872, 0.9437832110226858, 0.8981697438363436, 0.91786500436819, 0.8593674241527633, 0.9791035555277127, 0.9773927967249307, 0.9383554570383583, 0.9602370566126579, 0.923828478570007, 0.9543361032511047, 0.9778413449081321, 0.9014558415531994, 0.9526648565950214, 0.970734577661214, 0.9152701002749539, 0.9331717664116536, 0.8685407436713448, 0.9884864168110962, 0.9674590699481634], [0.9353397095677618, 0.9853797695697831, 0.9508296287830396, 0.9964350856534576, 0.8940249499759906, 0.9937402574018811, 0.9334090525196269, 0.9407151964385669, 0.91095721219322, 0.9577043636798435, 0.9863159441699282, 0.9003582708155636, 0.9713343576625446, 1.0, 0.961738718995839, 0.9905698568142395, 0.985493539540716, 0.8572896647543531, 0.9922860068521934, 0.9782767173643763, 0.9413761078401103, 0.9767886988573866, 0.9165774285664767, 0.9130090378439957, 0.866961427818888, 0.9315114793676602, 0.9502296683245551, 0.9078675878426773, 0.9917912695222924, 0.9051879195151369, 0.9877823292484343, 0.9778883103725958, 0.8845794787715674, 0.9328878276193651, 0.9628566128460122, 0.9083876254700255, 0.9179940125241356, 0.8815151642787992, 0.9725408125667115, 0.9433589283444113], [0.9350563699012703, 0.9306012783478739, 0.9422428961735244, 0.970941429018918, 0.9500713923317947, 0.9473845843960151, 0.9389612227901579, 0.9346073257517873, 0.9630756658706713, 0.9129373414527647, 0.9286683437639057, 0.9550160330076513, 0.9432986786692962, 0.961738718995839, 1.0, 0.9299386392062263, 0.9577080949984156, 0.9006381119517665, 0.9429828388784599, 0.9285228631090685, 0.9412764478917636, 0.9730688146359888, 0.9717290991824011, 0.9539341605642437, 0.9145325207856585, 0.9301802269430544, 0.9384015615025599, 0.9235726571187339, 0.9577472032032376, 0.9115713500275475, 0.9555302768116768, 0.9345691477833336, 0.9349220110855375, 0.9321443164565633, 0.9344982602633539, 0.9494760564509446, 0.9160271030993534, 0.9362182621372577, 0.9518400966486277, 0.9384066032059254], [0.9420612226177599, 0.9857923714386003, 0.9563612253101843, 0.9868513768931123, 0.8607949902527794, 0.9896678499473164, 0.9420033999382581, 0.950691887435611, 0.8756879461029006, 0.9592787948939976, 0.9950058339140008, 0.8625970617787034, 0.9723535571709127, 0.9905698568142395, 0.9299386392062263, 1.0, 0.9672568851703967, 0.8369470548455337, 0.9963295059578071, 0.9751403090724015, 0.9516840064636574, 0.9542343850588004, 0.8800793684057873, 0.8924144058437904, 0.8388154095073894, 0.9260793314091519, 0.955143240259994, 0.90541538257598, 0.9852377648133556, 0.9031239014021017, 0.9768122806693615, 0.9926012072101102, 0.8670616659692301, 0.940166142841341, 0.9601433642950322, 0.8902285722198421, 0.917471095569454, 0.8463222631524363, 0.9761707473229438, 0.9511578473656086], [0.9214882875560757, 0.9873529448188477, 0.9320159422284771, 0.9764255203368647, 0.912298778893519, 0.972008305927613, 0.905942206384033, 0.9302320292024896, 0.9311869496155752, 0.9254750294744424, 0.9562398972907415, 0.9260835785844408, 0.9577440619975538, 0.985493539540716, 0.9577080949984156, 0.9672568851703967, 1.0, 0.8815938586398611, 0.9762773770215462, 0.9872885342390012, 0.9193297689097849, 0.9916989077294874, 0.9335507903794253, 0.9122954498818415, 0.873016732911745, 0.9204344804908282, 0.9420882171379978, 0.9048243299259588, 0.9768787413537379, 0.9082074169608412, 0.9952537227286051, 0.9495117011194003, 0.8679937132858587, 0.9174660733068681, 0.9462480133059392, 0.896225425980857, 0.9205340394014617, 0.9085700206753898, 0.947433209760358, 0.9324197375454987], [0.9153827754181298, 0.854480810727848, 0.8567020400321393, 0.8614736560052888, 0.9725779208434517, 0.8370687684917041, 0.8601180310358938, 0.9099828158867526, 0.9599851265226831, 0.8156245036473354, 0.8290044573393719, 0.9740590181085695, 0.8582171865544221, 0.8572896647543531, 0.9006381119517665, 0.8369470548455337, 0.8815938586398611, 1.0, 0.8518436454953752, 0.8606134984120437, 0.8586187766820125, 0.8990609174607309, 0.9568253674371368, 0.9561638572997798, 0.9639254624982878, 0.8647367033374624, 0.8670848980071391, 0.8708057143584786, 0.8465422926258281, 0.9189799640212235, 0.8788352826858016, 0.8433768698421126, 0.906409012331553, 0.8447382882230099, 0.8502050400283983, 0.9420089058903955, 0.872095482656271, 0.9866249864787943, 0.8537450248810385, 0.8963886870702995], [0.943385859745479, 0.9916274763873651, 0.953817230153318, 0.9892695738921777, 0.8831487710926513, 0.985368279512921, 0.9396490273961958, 0.9516604536542473, 0.8993248785074899, 0.9551259693518616, 0.9878647257136575, 0.8829897210829702, 0.963799661824851, 0.9922860068521934, 0.9429828388784599, 0.9963295059578071, 0.9762773770215462, 0.8518436454953752, 1.0, 0.9767746727238633, 0.9513311562914853, 0.9708504661369449, 0.9025449183487539, 0.9049775973647306, 0.8560025685392976, 0.9211439838450074, 0.9533791607049739, 0.9063633515314032, 0.9898670627806514, 0.9127356173390007, 0.9874271224921578, 0.9890626487183458, 0.8733247593691414, 0.9425065399547785, 0.9588965770127956, 0.8984299032456972, 0.9204632710103258, 0.8657762675631973, 0.9721794633227121, 0.9536102758134758], [0.9213802149042721, 0.9895188750374099, 0.9359135918364732, 0.9679780984130051, 0.8790865606381169, 0.9736648167964103, 0.9195570836483805, 0.9370259830500463, 0.894046227150003, 0.9393395014055291, 0.9672581116472452, 0.8892320672695668, 0.9667035062070284, 0.9782767173643763, 0.9285228631090685, 0.9751403090724015, 0.9872885342390012, 0.8606134984120437, 0.9767746727238633, 1.0, 0.9242393626917729, 0.9665221134030103, 0.8959618101189123, 0.8867621952086125, 0.8394474114518835, 0.9195985411038543, 0.9651407672505984, 0.9324060165822214, 0.9695062415955913, 0.9128063640731949, 0.9849594385443181, 0.9595241819621603, 0.868306222057632, 0.9385093720719995, 0.9552934022499406, 0.8766438816401193, 0.9516743947881101, 0.8736875593052275, 0.9513583663247405, 0.939153612811719], [0.9659276646475445, 0.9288880628076573, 0.9927183041430322, 0.9508161806809377, 0.8874100843184624, 0.9426867602899021, 0.9836548667708556, 0.9689897096638801, 0.8906830166969152, 0.9150761304486816, 0.9527324951463673, 0.8753015678137085, 0.9724027970445872, 0.9413761078401103, 0.9412764478917636, 0.9516840064636574, 0.9193297689097849, 0.8586187766820125, 0.9513311562914853, 0.9242393626917729, 1.0, 0.9264913396160462, 0.9003268519474414, 0.9270667728894255, 0.8626240614725682, 0.9619576145617705, 0.9717406439873256, 0.9413787717614455, 0.9441160888799232, 0.9278193428952759, 0.9290654307302807, 0.9787301445498089, 0.9182747651703063, 0.9753892433304353, 0.9480043016485633, 0.928664549329805, 0.9261449485781327, 0.861219593080436, 0.9857836138750918, 0.9796688279578524], [0.931155633998083, 0.9774471110067557, 0.9311388537406698, 0.971497735042181, 0.9408865824178141, 0.9545440893660673, 0.9131797355746076, 0.9330153362274147, 0.9595309214736056, 0.9054471625532418, 0.9394132328091, 0.9485781456356571, 0.9437832110226858, 0.9767886988573866, 0.9730688146359888, 0.9542343850588004, 0.9916989077294874, 0.8990609174607309, 0.9708504661369449, 0.9665221134030103, 0.9264913396160462, 1.0, 0.9614868086713223, 0.9380498233468411, 0.9030142395729754, 0.9168955343537591, 0.9346686910083554, 0.8972506048336601, 0.970079331553028, 0.9133681521286764, 0.9928400170891547, 0.9444497286879144, 0.8826733770070149, 0.9180767385608015, 0.9323852333337181, 0.9187979918700335, 0.9088057764381808, 0.9305329777219766, 0.9421510666009298, 0.9352409930891781], [0.9237421435615624, 0.9019493649962352, 0.8989711668059005, 0.9203194822884433, 0.9950356627862371, 0.8881754281681418, 0.9005386655110111, 0.911852825000218, 0.9988177902268214, 0.8472503891795293, 0.869925254918254, 0.99301314909781, 0.8981697438363436, 0.9165774285664767, 0.9717290991824011, 0.8800793684057873, 0.9335507903794253, 0.9568253674371368, 0.9025449183487539, 0.8959618101189123, 0.9003268519474414, 0.9614868086713223, 1.0, 0.9817386775891566, 0.972379247186499, 0.9054023589027368, 0.9015754810198676, 0.8895546718124977, 0.9063324194837643, 0.9182018643157228, 0.9334547103520359, 0.8850093186459852, 0.9308995878040119, 0.8891498535519612, 0.8911407719087879, 0.9630190750260962, 0.8867252041064313, 0.9846389923986819, 0.9001174977253401, 0.9131321759201172], [0.9520711636275366, 0.8941327642324455, 0.9246385780132343, 0.9178622259696511, 0.9845456903205255, 0.89259530504733, 0.9316257391733304, 0.928117393745388, 0.9790799148239125, 0.8574554526359319, 0.8882065086460535, 0.9706522364286037, 0.91786500436819, 0.9130090378439957, 0.9539341605642437, 0.8924144058437904, 0.9122954498818415, 0.9561638572997798, 0.9049775973647306, 0.8867621952086125, 0.9270667728894255, 0.9380498233468411, 0.9817386775891566, 1.0, 0.9858080134114069, 0.9321476749317892, 0.9178267507249387, 0.8993292986105117, 0.8987434795821604, 0.9296842548085368, 0.916316028536768, 0.9062745239179049, 0.9556160816143247, 0.9049246857928043, 0.8987761695736723, 0.9881590026207673, 0.8884609028965219, 0.9682294257161942, 0.9216113478134965, 0.9313759125548879], [0.9035768565756123, 0.8497356344178012, 0.8632638818210423, 0.86959216694563, 0.9858608735834697, 0.8412256235439538, 0.874127506222089, 0.8741272890943539, 0.9744542415150159, 0.805816915116755, 0.8326280562417809, 0.9705165855965819, 0.8593674241527633, 0.866961427818888, 0.9145325207856585, 0.8388154095073894, 0.873016732911745, 0.9639254624982878, 0.8560025685392976, 0.8394474114518835, 0.8626240614725682, 0.9030142395729754, 0.972379247186499, 0.9858080134114069, 1.0, 0.8820327395993495, 0.8571367395977025, 0.8441707310674728, 0.8519678241997439, 0.8981274284103058, 0.8764148206540465, 0.847031714729649, 0.9318421589494736, 0.8409424310516439, 0.8522187315165208, 0.9742417368419024, 0.8375217616033556, 0.975425302848717, 0.8621920268409636, 0.8777023146907277], [0.9566215711151989, 0.9054944850705896, 0.9818706548623976, 0.9325176939149116, 0.8946284149123197, 0.9373875149737576, 0.9470256109182738, 0.946150142917398, 0.8970501847250436, 0.9050935657869807, 0.9383044615081371, 0.8850784469539678, 0.9791035555277127, 0.9315114793676602, 0.9301802269430544, 0.9260793314091519, 0.9204344804908282, 0.8647367033374624, 0.9211439838450074, 0.9195985411038543, 0.9619576145617705, 0.9168955343537591, 0.9054023589027368, 0.9321476749317892, 0.8820327395993495, 1.0, 0.9474319077856584, 0.9127651999431324, 0.9210054204771357, 0.9464272591043188, 0.9121756506262759, 0.9422091531821664, 0.9006468175976855, 0.9190705102765354, 0.9668165938986051, 0.9161663026431827, 0.8965696625911752, 0.8720577625224957, 0.9745436269023726, 0.9674830655303764], [0.9539939288962244, 0.9498667608933512, 0.9684944383584844, 0.9520650102174645, 0.8904691816805554, 0.9499977066876848, 0.9808478163324585, 0.9618183859753933, 0.8943668898647398, 0.9281010678364273, 0.955082628138972, 0.8844296646412679, 0.9773927967249307, 0.9502296683245551, 0.9384015615025599, 0.955143240259994, 0.9420882171379978, 0.8670848980071391, 0.9533791607049739, 0.9651407672505984, 0.9717406439873256, 0.9346686910083554, 0.9015754810198676, 0.9178267507249387, 0.8571367395977025, 0.9474319077856584, 1.0, 0.98319788850702, 0.9425501191706301, 0.931847401571095, 0.9465990774465524, 0.967970525623843, 0.9346357310295419, 0.9879313101213114, 0.9525714782378485, 0.9204972380536937, 0.9817775754511289, 0.8705500415603953, 0.9702833877347634, 0.9671875305132875], [0.9230974846714329, 0.9010979648228546, 0.9374004769738983, 0.9187622205676629, 0.88426879633162, 0.9135987640372, 0.9586401512399174, 0.9376962433163752, 0.8805219615363524, 0.9157636330815597, 0.9131456751835653, 0.8775647831880489, 0.9383554570383583, 0.9078675878426773, 0.9235726571187339, 0.90541538257598, 0.9048243299259588, 0.8708057143584786, 0.9063633515314032, 0.9324060165822214, 0.9413787717614455, 0.8972506048336601, 0.8895546718124977, 0.8993292986105117, 0.8441707310674728, 0.9127651999431324, 0.98319788850702, 1.0, 0.907302183712215, 0.9235579523829648, 0.9032296997314776, 0.9222946306715754, 0.9537987255514953, 0.9788307187113687, 0.9290794946725442, 0.9111194503901227, 0.9940731832362744, 0.8686111042052052, 0.9369988070988433, 0.9437376985140477], [0.9260745848259221, 0.9781451702643308, 0.9545095347083076, 0.9949054541195393, 0.8824610056329542, 0.9919670871286509, 0.9335767404044787, 0.9379677902918203, 0.901572041021071, 0.9657475894469898, 0.9845213257002582, 0.8889989445881832, 0.9602370566126579, 0.9917912695222924, 0.9577472032032376, 0.9852377648133556, 0.9768787413537379, 0.8465422926258281, 0.9898670627806514, 0.9695062415955913, 0.9441160888799232, 0.970079331553028, 0.9063324194837643, 0.8987434795821604, 0.8519678241997439, 0.9210054204771357, 0.9425501191706301, 0.907302183712215, 1.0, 0.9059996667030147, 0.9798125524402529, 0.9772240340248581, 0.8831712934668915, 0.9329846867284314, 0.9678309304924603, 0.8997376019827522, 0.9160217603170955, 0.8700825785596958, 0.9743560664980234, 0.9467115345702553], [0.9682107059740405, 0.8974751162110579, 0.9426517343275932, 0.9127610256700964, 0.919445525421019, 0.9063717392702615, 0.9204354525933921, 0.9663313740346963, 0.9163040736691869, 0.9212624817496993, 0.9141050222082656, 0.901516169690802, 0.923828478570007, 0.9051879195151369, 0.9115713500275475, 0.9031239014021017, 0.9082074169608412, 0.9189799640212235, 0.9127356173390007, 0.9128063640731949, 0.9278193428952759, 0.9133681521286764, 0.9182018643157228, 0.9296842548085368, 0.8981274284103058, 0.9464272591043188, 0.931847401571095, 0.9235579523829648, 0.9059996667030147, 1.0, 0.9072053804900906, 0.9173020053038868, 0.9038686648514374, 0.9046601405934521, 0.958863841997678, 0.9047962988396709, 0.9255826174134858, 0.899691446130348, 0.9386144625177327, 0.9789667048434137], [0.9294466003753205, 0.9952463724530445, 0.9331089572190655, 0.9791559575067456, 0.9133688175435359, 0.9701555813091052, 0.9184588002517974, 0.9373127736522828, 0.9323294713457028, 0.9237436943213957, 0.9611570106592378, 0.9216283656252862, 0.9543361032511047, 0.9877823292484343, 0.9555302768116768, 0.9768122806693615, 0.9952537227286051, 0.8788352826858016, 0.9874271224921578, 0.9849594385443181, 0.9290654307302807, 0.9928400170891547, 0.9334547103520359, 0.916316028536768, 0.8764148206540465, 0.9121756506262759, 0.9465990774465524, 0.9032296997314776, 0.9798125524402529, 0.9072053804900906, 1.0, 0.9628418246274301, 0.8696775153093108, 0.9285582723625936, 0.9412341632883579, 0.901470745245464, 0.9211925399584768, 0.9036595033153939, 0.949304588382431, 0.9368389413468743], [0.959920719036676, 0.9710633148859892, 0.9768780570510562, 0.9799505627169242, 0.8680323388464896, 0.9788223453168804, 0.9693451203279636, 0.9669322180348127, 0.8792054820179632, 0.9516885536204293, 0.9899082482361762, 0.863118398912142, 0.9778413449081321, 0.9778883103725958, 0.9345691477833336, 0.9926012072101102, 0.9495117011194003, 0.8433768698421126, 0.9890626487183458, 0.9595241819621603, 0.9787301445498089, 0.9444497286879144, 0.8850093186459852, 0.9062745239179049, 0.847031714729649, 0.9422091531821664, 0.967970525623843, 0.9222946306715754, 0.9772240340248581, 0.9173020053038868, 0.9628418246274301, 1.0, 0.8888488544028629, 0.9605979118458211, 0.9622888321889472, 0.9074937583648203, 0.9250567754289629, 0.8475722975989168, 0.9879603099797959, 0.9704272272096339], [0.9112006023713478, 0.854381283851632, 0.9132511578591445, 0.9016510585083841, 0.9359427603007724, 0.8826378495688626, 0.9490724410546789, 0.8989878058064783, 0.9227520097818507, 0.8799143324423289, 0.8780232102635993, 0.9172060450709959, 0.9014558415531994, 0.8845794787715674, 0.9349220110855375, 0.8670616659692301, 0.8679937132858587, 0.906409012331553, 0.8733247593691414, 0.868306222057632, 0.9182747651703063, 0.8826733770070149, 0.9308995878040119, 0.9556160816143247, 0.9318421589494736, 0.9006468175976855, 0.9346357310295419, 0.9537987255514953, 0.8831712934668915, 0.9038686648514374, 0.8696775153093108, 0.8888488544028629, 1.0, 0.9374079450642023, 0.8960527272655545, 0.9770405643826652, 0.9352633105467594, 0.9151411939385983, 0.9135492700803866, 0.9106644735513111], [0.9308671478696013, 0.9320203447913331, 0.9605418562297597, 0.9407973720650298, 0.8789329949793823, 0.9313751731403763, 0.9768760882848682, 0.943284542011352, 0.8793698857148058, 0.9132304901511182, 0.9373253864586439, 0.8662178464972445, 0.9526648565950214, 0.9328878276193651, 0.9321443164565633, 0.940166142841341, 0.9174660733068681, 0.8447382882230099, 0.9425065399547785, 0.9385093720719995, 0.9753892433304353, 0.9180767385608015, 0.8891498535519612, 0.9049246857928043, 0.8409424310516439, 0.9190705102765354, 0.9879313101213114, 0.9788307187113687, 0.9329846867284314, 0.9046601405934521, 0.9285582723625936, 0.9605979118458211, 0.9374079450642023, 1.0, 0.9285364346542663, 0.9169791391461359, 0.9719150471440987, 0.8511296133545824, 0.9591801291962843, 0.9508840468963909], [0.9438040681881347, 0.9410755202720027, 0.9722772163658968, 0.967626624740127, 0.8765921803005836, 0.9760368294700604, 0.940208707281528, 0.9508932234098223, 0.8852555981025445, 0.9735102886614806, 0.975588829646726, 0.8702616041883992, 0.970734577661214, 0.9628566128460122, 0.9344982602633539, 0.9601433642950322, 0.9462480133059392, 0.8502050400283983, 0.9588965770127956, 0.9552934022499406, 0.9480043016485633, 0.9323852333337181, 0.8911407719087879, 0.8987761695736723, 0.8522187315165208, 0.9668165938986051, 0.9525714782378485, 0.9290794946725442, 0.9678309304924603, 0.958863841997678, 0.9412341632883579, 0.9622888321889472, 0.8960527272655545, 0.9285364346542663, 1.0, 0.8913859539206817, 0.9304882703030641, 0.8557402098892408, 0.9821109876510039, 0.972483774724703], [0.933943421307242, 0.8831245952295306, 0.9224486928639541, 0.9173441318317676, 0.9679265243963856, 0.8941749093954751, 0.9452507035934476, 0.9129128382301237, 0.957873231095336, 0.8618980438039524, 0.8896989420415339, 0.954040279927225, 0.9152701002749539, 0.9083876254700255, 0.9494760564509446, 0.8902285722198421, 0.896225425980857, 0.9420089058903955, 0.8984299032456972, 0.8766438816401193, 0.928664549329805, 0.9187979918700335, 0.9630190750260962, 0.9881590026207673, 0.9742417368419024, 0.9161663026431827, 0.9204972380536937, 0.9111194503901227, 0.8997376019827522, 0.9047962988396709, 0.901470745245464, 0.9074937583648203, 0.9770405643826652, 0.9169791391461359, 0.8913859539206817, 1.0, 0.8952656376481828, 0.9537436893200397, 0.9223526628496492, 0.9183906469760217], [0.9192143323308279, 0.922316051092945, 0.9231630969820908, 0.9240778751657708, 0.8812617497793055, 0.9202689228495987, 0.945502297211081, 0.9377421244069304, 0.880966347114909, 0.9238448434098989, 0.9203833855300643, 0.8772737832347335, 0.9331717664116536, 0.9179940125241356, 0.9160271030993534, 0.917471095569454, 0.9205340394014617, 0.872095482656271, 0.9204632710103258, 0.9516743947881101, 0.9261449485781327, 0.9088057764381808, 0.8867252041064313, 0.8884609028965219, 0.8375217616033556, 0.8965696625911752, 0.9817775754511289, 0.9940731832362744, 0.9160217603170955, 0.9255826174134858, 0.9211925399584768, 0.9250567754289629, 0.9352633105467594, 0.9719150471440987, 0.9304882703030641, 0.8952656376481828, 1.0, 0.8683602239806895, 0.9288094286752049, 0.939634173452904], [0.9012074321473785, 0.8725020203705215, 0.8608457953391326, 0.8838948984652577, 0.9905839621168187, 0.8547618071531335, 0.8643267252934232, 0.8931438270370337, 0.9867937362228695, 0.8141092508201345, 0.8350232005535221, 0.9969814602799104, 0.8685407436713448, 0.8815151642787992, 0.9362182621372577, 0.8463222631524363, 0.9085700206753898, 0.9866249864787943, 0.8657762675631973, 0.8736875593052275, 0.861219593080436, 0.9305329777219766, 0.9846389923986819, 0.9682294257161942, 0.975425302848717, 0.8720577625224957, 0.8705500415603953, 0.8686111042052052, 0.8700825785596958, 0.899691446130348, 0.9036595033153939, 0.8475722975989168, 0.9151411939385983, 0.8511296133545824, 0.8557402098892408, 0.9537436893200397, 0.8683602239806895, 1.0, 0.8613759185064648, 0.8849623171810496], [0.9647724339247009, 0.9499289392578929, 0.9948745155966827, 0.9791717033728528, 0.882760334889648, 0.980638836782726, 0.9736420928362676, 0.9675493816206879, 0.8909474244144724, 0.959730671294183, 0.9846143010669374, 0.8768915808837595, 0.9884864168110962, 0.9725408125667115, 0.9518400966486277, 0.9761707473229438, 0.947433209760358, 0.8537450248810385, 0.9721794633227121, 0.9513583663247405, 0.9857836138750918, 0.9421510666009298, 0.9001174977253401, 0.9216113478134965, 0.8621920268409636, 0.9745436269023726, 0.9702833877347634, 0.9369988070988433, 0.9743560664980234, 0.9386144625177327, 0.949304588382431, 0.9879603099797959, 0.9135492700803866, 0.9591801291962843, 0.9821109876510039, 0.9223526628496492, 0.9288094286752049, 0.8613759185064648, 1.0, 0.9815065679965218], [0.9878605346117739, 0.933709955947824, 0.984409541049304, 0.9522734189427031, 0.9036955484547593, 0.9470489905530645, 0.9667769150514676, 0.9922679918432729, 0.9076825565974646, 0.9420181989683554, 0.9576621589666682, 0.8936403958353663, 0.9674590699481634, 0.9433589283444113, 0.9384066032059254, 0.9511578473656086, 0.9324197375454987, 0.8963886870702995, 0.9536102758134758, 0.939153612811719, 0.9796688279578524, 0.9352409930891781, 0.9131321759201172, 0.9313759125548879, 0.8777023146907277, 0.9674830655303764, 0.9671875305132875, 0.9437376985140477, 0.9467115345702553, 0.9789667048434137, 0.9368389413468743, 0.9704272272096339, 0.9106644735513111, 0.9508840468963909, 0.972483774724703, 0.9183906469760217, 0.939634173452904, 0.8849623171810496, 0.9815065679965218, 1.0]]}, "task_id": "task_4", "task_output": [[-0.15965298015814366, 0.008785601571020374, -0.1418059011965462, 0.24954815057108, -0.14245611655345303], [-0.1587396224124169, -0.11193468177262014, 0.2369655549956096, -0.10455046202403041, -0.05299493879715527], [-0.16002642429089964, -0.09711920991723526, -0.15886965223401145, 0.17939712343043868, 0.1041516839279842], [-0.161144597066181, -0.09880754311244642, 0.13938770581284748, 0.000597698651790598, 0.12144720933482923], [-0.15498929937491604, 0.28591271839092414, 0.048425919552202934, -0.010328075097650968, -0.0037593562897314243], [-0.15960834932764856, -0.15930503917713362, 0.12971131794089666, 0.02577613428957538, 0.07330456661992907], [-0.15895625991495718, -0.052623652210366294, -0.2475288792620368, -0.04567343564982043, 0.21813467858532756], [-0.159828530196425, -0.03735040798901854, -0.12515724490991254, 0.15511364428001298, -0.24948820860565796], [-0.15598829877063156, 0.2536698621686047, 0.12040515002106898, -0.006507480744574035, 0.005965409017354793], [-0.15538647715635667, -0.18722870697362615, 0.005769858623310544, 0.021336900503430515, -0.13348916679962305], [-0.1591754655991515, -0.18946943093931246, 0.05928220111338946, 0.08565677182918882, 0.04767341964343401], [-0.15451479384695907, 0.277734929901159, 0.130696748435354, -0.049696950966541274, -0.04077424766591223], [-0.16051075863498365, -0.1131886665535885, -0.04897242668973164, 0.07148535960949177, 0.0712731918907174], [-0.1606290078206603, -0.10510994723783237, 0.19694506793109856, -0.005545551290398242, 0.09818656963238676], [-0.16005199035436543, 0.06930936606153454, 0.0750538923726456, -0.05716295577423867, 0.18987009969470872], [-0.15934725384449408, -0.17111945401077325, 0.12714252744096702, 0.03738271641124919, 0.05833225638069758], [-0.1595872194554892, -0.042132820437638066, 0.26658472992768045, -0.08766893957546569, -0.08881778832388663], [-0.15099949719131595, 0.29819743484413, -0.006063243464356057, 0.03855170716350928, -0.3006459094032417], [-0.16021939607919747, -0.13168883091486, 0.1630302576081993, 0.011998568211115022, 0.03583966159453041], [-0.15894983912117125, -0.11840735558031991, 0.15936475998694666, -0.18935666754867517, -0.20061128790184912], [-0.15941220997891598, -0.07903566632078092, -0.19294816936831846, 0.09924256666177675, 0.17084610463072852], [-0.1599667358045213, 0.02847636159606118, 0.2516230230182081, -0.045007957494944156, -0.0027787594907755344], [-0.15677029929779512, 0.24151892494011248, 0.0974625917489638, -0.011001849426556213, 0.04457141035084708], [-0.15775117778752407, 0.21531138713306305, -0.05367442473131122, 0.1110654869998896, 0.15311947143498797], [-0.15108003663416567, 0.31945449914318136, 0.013441872262407811, 0.12898224605942993, 0.12307221567468911], [-0.1577100629237976, -0.03255150200424635, -0.15194954746794945, 0.30284773128206977, 0.03504196398761086], [-0.1602387293376824, -0.08425750999468255, -0.16408409436040858, -0.2134740101980328, -0.03312657284341812], [-0.15631659972962322, -0.031099527975156197, -0.271462846898919, -0.3878013740010027, -0.13566804843122024], [-0.15987505206138214, -0.12476674719160394, 0.17654862682248879, -0.0038394455810971707, 0.09323086408399318], [-0.1568308832579481, 0.04270402866960102, -0.15790621774388955, 0.21555280070694322, -0.4450493910731223], [-0.1599906446592663, -0.04953821807959491, 0.25718387186343183, -0.08973014856533025, -0.03945298122876001], [-0.16017061431742322, -0.1559240287398142, -0.006975253287704276, 0.07923880048883948, 0.11224065253615163], [-0.15453070978315217, 0.14572875860753334, -0.26882931024225754, -0.23328464046300285, 0.2299938475062018], [-0.1578718209542191, -0.08579259899709982, -0.20441678295263926, -0.29777455066148834, 0.11474621365529737], [-0.1592516876062741, -0.12429199505317311, -0.03695585801384111, 0.14598796103449746, -0.1332936633819213], [-0.1568118788476811, 0.19387243861988995, -0.11244952290688086, -0.004863359524328036, 0.3128244244402637], [-0.1563723949008776, -0.049393766229281134, -0.17937575553066779, -0.4363749980262829, -0.2598976055719379], [-0.15267546050562944, 0.30849198977387493, 0.1