{"model": null, "reduction_technique": "PCA", "latent_features": {"matrix_mxk": [[-0.028816220722763585, 0.18601190292892794, 0.07611497368639045, 0.050308843708049604, -0.04760852570795105], [-0.05813288854772724, 0.1955647377636891, 0.06458583672341522, -0.19960400465782, -0.016715533488453047], [0.17372336402067062, 0.1052077723931475, 0.061445611571343255, 0.0977580075038787, 0.37826523920455424], [0.1634582159497877, 0.10667234979983307, -0.2464719438908748, 0.31550974984705094, -0.15218827984553213], [0.16655734958848467, 0.10965622085679469, 0.18491267784570048, 0.2616201214867533, -0.017488652687573405], [0.17734751450100825, 0.10281925701689446, -0.010455414989706525, -0.15720414408077163, -0.11219312547334831], [-0.024626870690077338, 0.18459192321965504, 0.07633308937568883, 0.040661119096052016, 0.05727198628171064], [0.18199688876726156, 0.09929106496055197, -0.14118973840829777, -0.2389250383271051, -0.303596726313896], [0.15802789935811926, 0.11467204301655655, 0.3161305653268434, -0.13897663029584165, 0.00449393399622038], [0.163484255955837, 0.11149202354198468, 0.2336471343237855, -0.08240489300930186, 0.09345897866826108], [-0.17728230580094403, 0.23183105275060914, 0.3293667064837436, -0.07801696670090073, -0.19264505115325628], [0.17052425773287994, 0.10722784426715269, 0.11869678727927548, 0.16074595520123908, -0.006048014742904497], [0.17755229622034827, 0.10267966262978147, -0.014869618589807402, -0.1512188173806391, -0.0767209056288202], [-0.19673102768219786, 0.2332091372618931, -0.027487172089042097, 0.20672462945912057, 0.27433959336157315], [-0.19244287307437416, 0.23123612407397273, -0.12096697430361322, 0.1124821467057811, 0.1984514406752402], [-0.1505067917977877, 0.2212348789297461, -0.07489899436805036, -0.09201897020781387, -0.055374252131743164], [0.1822045638733855, 0.0990572085414809, -0.15384704670190258, 0.18777328586899616, -0.001910041019585297], [0.17103442668092078, 0.10309814290025003, -0.25619718387554374, 0.12585798075375068, 0.07074044437629406], [0.03003283817395833, 0.16480807396311856, 0.04607961493762168, -0.01911479767341205, 0.02197025038666959], [0.17578354752330808, 0.10386679000242463, 0.0218190012685137, 0.028290278467991585, 0.30349145906616937], [0.16824797092365518, 0.1086301778986134, 0.15721483732038802, -0.07786428564419795, -0.22008663279030832], [0.15958209673219495, 0.10851861518262673, -0.2385907642004871, -0.05892365360847176, -0.01804260401927564], [0.18235174555594125, 0.09864516516207737, -0.18526395026088613, 0.23369329486879944, 0.053945755354108275], [-0.10469407209295303, 0.2093442094763191, 0.011521226095943646, -0.06033505539398776, 0.020319886218268707], [0.005731101618124788, 0.17389279218271864, 0.06712891960041258, 0.010866872845217358, 0.058112416262765046], [-0.041382282517500035, 0.19018894438089, 0.0733083389499563, 0.006721238178989882, -0.012391500809636743], [0.17864546472341009, 0.10192224005476871, -0.039411824870493335, -0.0766999436727571, 0.2853872070296468], [-0.1470936757288314, 0.22040324645367435, -0.06780418541445885, 0.11784181892681557, -0.047264105506143385], [0.18159980246376764, 0.09864700304308051, -0.2167736021361427, 0.1360621983944248, -0.29055696934733916], [0.160033187600719, 0.11351417472014716, 0.28634156663116045, 0.21200485133731578, 0.2136442016663886], [0.18025110743967754, 0.0990714599272912, -0.2350177894981043, -0.31646067663428523, 0.10977596317918664], [-0.1969421974602588, 0.2329410425289146, -0.0585738563737453, 0.15015596186799327, -0.003440242204834245], [0.16830579451117134, 0.10859486303098886, 0.1562547706405547, 0.00233129318504409, -0.2135095949389287], [-0.19690416948482076, 0.2328816152260094, -0.06348590202824386, 0.1382261577869966, -0.2935304162595514], [0.16588031232859582, 0.11006377256754835, 0.19581679948930497, 0.05369665656700296, -0.18283590159687568], [-0.1871085358410965, 0.22986683983373574, -0.1306056229495006, -0.19477274057938096, 0.02308800911108965], [-0.1949237998548528, 0.2319760085751177, -0.10606822774503537, -0.25058656815324953, 0.029320376759441682], [0.1612555016394558, 0.10772099990337651, -0.24215420995911405, -0.16304216372119337, 0.08273743457399912], [0.045934118176355856, 0.15861132919886423, 0.02576164552476801, -0.008779609571042273, 0.011203557948224382], [0.1752502715057745, 0.10421761462286769, 0.03234454169155571, -0.27631687541027206, -0.02827112938918706]], "matrix_kxk": [0.24823209683682348, 0.01426187894377711, 1.914421276228914e-05, 1.3219121605760993e-17, 1.1508915614395042e-17], "matrix_nxm": [[1.0, 0.9985645540839889, 0.9307352078755562, 0.9361787162879811, 0.9355015265194586, 0.9280527339568998, 0.9999708332475897, 0.9240782021322186, 0.9404480901108109, 0.9373669955063159, 0.9610714603813177, 0.9329407654795916, 0.9278940397611051, 0.9510092995563236, 0.9531562712222613, 0.9744597281253236, 0.9238399506271889, 0.9309481666664361, 0.9942439839375266, 0.9292376786052938, 0.9344321756420089, 0.9387959697490686, 0.9234983840723565, 0.9902569896570956, 0.9980189231332227, 0.9997370533907786, 0.9270308031200979, 0.975909669141812, 0.9237872620990456, 0.9393486937949741, 0.9246067222587642, 0.9507792012832649, 0.934395036658795, 0.9507831921740831, 0.9359210166750256, 0.9561624812764278, 0.9517742059543058, 0.9376717786401471, 0.9906949852901017, 0.929631760214192], [0.9985645540839889, 1.0, 0.9098279259882234, 0.9163406118146092, 0.9152373515848189, 0.9068241278022985, 0.9981265460871785, 0.902450909321345, 0.9209570664845681, 0.9173806017911533, 0.9742172850924117, 0.912319630813573, 0.9066474103668497, 0.9662005287854363, 0.9679472831351656, 0.9850540526435896, 0.9021971044681487, 0.9103955413168502, 0.9870977158956963, 0.9081472559732814, 0.9140156252196242, 0.9193228231637599, 0.9018518241628025, 0.9962876885707773, 0.9932224990039454, 0.9995300488868509, 0.9056883165639307, 0.9861626506294751, 0.9022221104019449, 0.9196753215857139, 0.9031750943108982, 0.9660011257500808, 0.9139732807200268, 0.9660028278194017, 0.915717955080037, 0.9704229581107385, 0.9668088414828597, 0.9180410947532417, 0.982017628876433, 0.9085886374728577], [0.9307352078755562, 0.9098279259882234, 1.0, 0.9984720616690076, 0.9996909751689947, 0.9999024192092472, 0.9335009601123466, 0.9992889146860671, 0.9986403359395146, 0.9993908446188099, 0.7946327449641748, 0.9999348863596367, 0.9998903064165392, 0.7722739717934964, 0.7772172961676894, 0.8253975032841081, 0.9992070576221956, 0.9985597233779616, 0.9645233243110114, 0.9999699201568737, 0.9998155751526348, 0.9983699907837025, 0.9989956004586144, 0.8709128233004345, 0.9518944882325471, 0.9221073767044369, 0.9998108208395804, 0.829047518420639, 0.9987835422291836, 0.9989472115107401, 0.9986713169965155, 0.7719292938510799, 0.9998193066117598, 0.7719607699681581, 0.9996328545616939, 0.7836347910910473, 0.7742429510000484, 0.9984195805644234, 0.9717648195249043, 0.9999837047010401], [0.9361787162879811, 0.9163406118146092, 0.9984720616690076, 1.0, 0.9973490793715584, 0.9988672448570309, 0.9388029462777139, 0.9992189522866904, 0.9954631872032101, 0.9967357263233528, 0.8026092526862358, 0.9980253761067434, 0.9988860048071936, 0.7839591594080446, 0.7895862468287657, 0.8360781434745114, 0.9992393705913092, 0.999893349153774, 0.96824004445825, 0.9987113676668821, 0.9976535124387654, 0.9999716933512752, 0.9992953197006329, 0.8793957356792509, 0.9562560583299308, 0.9279923569364916, 0.9989797753709522, 0.8395601043066295, 0.9993846555937614, 0.9959575076422595, 0.9994807017604881, 0.7838915109605559, 0.9976635027901312, 0.7839645917300405, 0.9972205360506159, 0.7959257131278529, 0.7865574112563204, 0.9999908712389033, 0.9751111361493666, 0.9986531152198922], [0.9355015265194586, 0.9152373515848189, 0.9996909751689947, 0.9973490793715584, 1.0, 0.9992467293860884, 0.9381694882126401, 0.998051943786511, 0.9996272217925893, 0.9999495094582294, 0.8036238388506232, 0.9999095234208887, 0.9992137730346381, 0.7804366200689385, 0.7849607364170923, 0.8323979574868275, 0.9979200665133027, 0.9972047343435371, 0.9677798483617085, 0.9994682895892542, 0.9999839988192996, 0.9973756355448852, 0.9975940625610947, 0.8771991527760181, 0.9558100402850318, 0.927158159522366, 0.9990195402094915, 0.8359981067002863, 0.9972906713797927, 0.9997786800061148, 0.9971495186897142, 0.7799873959466908, 0.9999828747183447, 0.7800008292135472, 0.9999974952830857, 0.7912306976155374, 0.7820914658473955, 0.9973691536648935, 0.9745631286084893, 0.9995328918796614], [0.9280527339568998, 0.9068241278022985, 0.9999024192092472, 0.9988672448570309, 0.9992467293860884, 1.0, 0.9308678237167849, 0.9997163492705275, 0.9978170807996077, 0.9988068969897248, 0.7897581557209956, 0.9996780369630419, 0.9999996453919715, 0.7679166142652567, 0.7730963288050594, 0.8216339260512672, 0.9996632299027864, 0.9990760369169115, 0.9626129377598529, 0.9999806855341938, 0.9994500837927077, 0.9986974184440783, 0.9995181863088061, 0.8674825770944494, 0.9496446210672789, 0.9192820587713723, 0.9999849530103871, 0.8253068426759692, 0.9993606819759544, 0.998210765441999, 0.999267779261521, 0.7676331816313873, 0.9994565359879967, 0.767675094297486, 0.9991574717630803, 0.7795901697074006, 0.7700652489104343, 0.9987765747314246, 0.9700922385042785, 0.9999658649533636], [0.9999708332475897, 0.9981265460871785, 0.9335009601123466, 0.9388029462777139, 0.9381694882126401, 0.9308678237167849, 1.0, 0.9269563145583225, 0.9429993548965241, 0.9399929459781804, 0.95896064831993, 0.9356628943102201, 0.9307119140057738, 0.948623206603499, 0.9508305186096373, 0.9727260207515208, 0.9267208425148603, 0.9336759441491775, 0.9950321934794284, 0.9320314897867867, 0.9371232315251233, 0.9413672067410161, 0.9263811387302368, 0.9891673450547095, 0.9984701334383714, 0.9995327793416197, 0.9298635336859051, 0.9742240482237716, 0.9266595920116772, 0.9419274198853698, 0.9274605393054997, 0.9483900225337665, 0.9370868821882069, 0.9483945351451826, 0.9385797263049357, 0.9539121184646587, 0.9494134164335429, 0.9402658956870222, 0.9917032886399003, 0.9324183112819651], [0.9240782021322186, 0.902450909321345, 0.9992889146860671, 0.9992189522866904, 0.998051943786511, 0.9997163492705275, 0.9269563145583225, 1.0, 0.995991011837762, 0.9973790014929388, 0.7827147635639377, 0.9987968922288115, 0.9997359563006045, 0.7619302169163404, 0.7675139969376813, 0.8164498330040965, 0.999997639398024, 0.9995960052128706, 0.9596635502305765, 0.9995499903572038, 0.9983869629020004, 0.9989524832739788, 0.9999721689344796, 0.8626243429720801, 0.946235364691417, 0.9151275918274108, 0.9998314946579668, 0.8201437098815245, 0.999918850196849, 0.9965289820952454, 0.9998702539015789, 0.7617593212579084, 0.9983979672959998, 0.7618199708829025, 0.9979106825727614, 0.7741148646274443, 0.764394555727398, 0.9990739390925675, 0.9674714787643599, 0.9994868364962979], [0.9404480901108109, 0.9209570664845681, 0.9986403359395146, 0.9954631872032101, 0.9996272217925893, 0.9978170807996077, 0.9429993548965241, 0.995991011837762, 1.0, 0.9998510856514897, 0.8135214414440234, 0.9991697203661428, 0.9977613755234107, 0.7895147231313808, 0.7935796831540972, 0.8400950564841231, 0.9958053750875994, 0.9950502409040256, 0.9709435563977847, 0.99820693393967, 0.9994568260334178, 0.9956377317638732, 0.9953572175477207, 0.8839944449240276, 0.9597474902710451, 0.9324454110596333, 0.9974420078960504, 0.8436315109851446, 0.9949589548479537, 0.9999803615816327, 0.9947909794803806, 0.7889550438126722, 0.9994503717758189, 0.7889491788662881, 0.9996858150242031, 0.7996759504224003, 0.7908299519071668, 0.9955667842015686, 0.9771920819631896, 0.9983271012838892], [0.9373669955063159, 0.9173806017911533, 0.9993908446188099, 0.9967357263233528, 0.9999495094582294, 0.9988068969897248, 0.9399929459781804, 0.9973790014929388, 0.9998510856514897, 1.0, 0.8072794509175722, 0.9997238946631675, 0.9987655514965471, 0.7837813688734502, 0.788136412167445, 0.8352453752211714, 0.9972272169834184, 0.9964938355329287, 0.9690016526187346, 0.9990905036255555, 0.9998766675569133, 0.9968161106458759, 0.9968558840576665, 0.8797267747647678, 0.9573116288011887, 0.929146157813943, 0.9985251624281866, 0.8388230059535038, 0.9965170344181841, 0.9999395991853735, 0.9963655248120732, 0.7832910508230516, 0.9998735809666613, 0.7832973297332855, 0.9999694954165397, 0.7943436725774237, 0.7853106960736982, 0.9967861763425389, 0.9755912476448622, 0.9991755864599674], [0.9610714603813177, 0.9742172850924117, 0.7946327449641748, 0.8026092526862358, 0.8036238388506232, 0.7897581557209956, 0.95896064831993, 0.7827147635639377, 0.8135214414440234, 0.8072794509175722, 1.0, 0.7987359774143475, 0.7894733748509541, 0.9975130308380453, 0.9967175098899526, 0.9963460976260851, 0.7822921669142512, 0.7938178871869308, 0.9261164092799457, 0.791896851739392, 0.8015654077447634, 0.8070729825555346, 0.7816628674799514, 0.9891348026292645, 0.9419379298053505, 0.9670553722043932, 0.787930675817634, 0.9960720345199211, 0.7820768362334642, 0.8112624876377172, 0.7833881273842467, 0.9971699805130644, 0.8014943757092613, 0.9971184217501836, 0.8044385004589768, 0.9968358047611999, 0.9967549158775493, 0.8051501255947618, 0.9146945787343518, 0.7926131235614192], [0.9329407654795916, 0.912319630813573, 0.9999348863596367, 0.9980253761067434, 0.9999095234208887, 0.9996780369630419, 0.9356628943102201, 0.9987968922288115, 0.9991697203661428, 0.9997238946631675, 0.7987359774143475, 1.0, 0.9996563426311122, 0.775985032361267, 0.7807357608848003, 0.8285888348114216, 0.9986919261143054, 0.9980085342423756, 0.9660529460794135, 0.999816336562984, 0.9999696175739622, 0.9979813740443394, 0.9984274157859074, 0.8737919529984288, 0.9537197351151725, 0.9244396726927668, 0.9995240951434317, 0.8322171399130376, 0.9981727036001569, 0.9994053492607666, 0.9980465186082378, 0.7755917919791933, 0.9999711211390137, 0.7756149179394121, 0.9998769151691209, 0.7870870605905703, 0.7778091068367392, 0.9980056436556521, 0.9730884811654608, 0.9998534675311264], [0.9278940397611051, 0.9066474103668497, 0.9998903064165392, 0.9988860048071936, 0.9992137730346381, 0.9999996453919715, 0.9307119140057738, 0.9997359563006045, 0.9977613755234107, 0.9987655514965471, 0.7894733748509541, 0.9996563426311122, 1.0, 0.7676646768716519, 0.7728586627007246, 0.8214158470940491, 0.9996845880135121, 0.9991017688971573, 0.9624981866174425, 0.999975097585729, 0.9994218590296351, 0.9987122561015598, 0.9995436115116996, 0.8672823585954569, 0.9495104621264202, 0.9191153267957953, 0.9999892178414508, 0.8250899769081302, 0.999389501333473, 0.9981602677569484, 0.999297866984949, 0.7673850154201923, 0.9994284747206479, 0.7674275665883722, 0.9991226451790455, 0.7793568924548293, 0.7698242385347864, 0.998793125088821, 0.9699911440075003, 0.999958553715276], [0.9510092995563236, 0.9662005287854363, 0.7722739717934964, 0.7839591594080446, 0.7804366200689385, 0.7679166142652567, 0.948623206603499, 0.7619302169163404, 0.7895147231313808, 0.7837813688734502, 0.9975130308380453, 0.775985032361267, 0.7676646768716519, 1.0, 0.9998416165419365, 0.9960314794455042, 0.7616241414111165, 0.7748297012834237, 0.9125802350369818, 0.7698192534395217, 0.7785586189174252, 0.7885672719218902, 0.7613053049953743, 0.9847838010274402, 0.9297336907213134, 0.9578445066080448, 0.7663073304755719, 0.9954470410569551, 0.7620823041108357, 0.7874370490136605, 0.7636561078284319, 0.9999862300174371, 0.778493892496077, 0.9999815907934051, 0.7811810151236375, 0.9996752003786341, 0.9999064082675413, 0.7865836381073124, 0.9003648246979069, 0.7704599712414295], [0.9531562712222613, 0.9679472831351656, 0.7772172961676894, 0.7895862468287657, 0.7849607364170923, 0.7730963288050594, 0.9508305186096373, 0.7675139969376813, 0.7935796831540972, 0.788136412167445, 0.9967175098899526, 0.7807357608848003, 0.7728586627007246, 0.9998416165419365, 1.0, 0.996737068332068, 0.7672439171380174, 0.7805784633854027, 0.9156479701088638, 0.7748937205029054, 0.7831779866836619, 0.7941242253749967, 0.7670097552216885, 0.9859705780382363, 0.932402093426403, 0.9598152346801673, 0.7715800542068628, 0.9961874910860221, 0.7678603288007478, 0.7916073154618911, 0.7694652394616108, 0.9999067343599232, 0.7831165503655609, 0.9999157115908927, 0.7856674616040276, 0.9999451907531463, 0.999985253446998, 0.792171313502644, 0.9037082564190703, 0.7754997972962692], [0.9744597281253236, 0.9850540526435896, 0.8253975032841081, 0.8360781434745114, 0.8323979574868275, 0.8216339260512672, 0.9727260207515208, 0.8164498330040965, 0.8400950564841231, 0.8352453752211714, 0.9963460976260851, 0.8285888348114216, 0.8214158470940491, 0.9960314794455042, 0.996737068332068, 1.0, 0.8161877226212187, 0.8279978173358258, 0.9450926596688111, 0.8232792952118378, 0.8307936269875541, 0.8401436627198605, 0.8159275692260181, 0.996217457042774, 0.9585307138853578, 0.9793313604878379, 0.8202402034778576, 0.9999784385256277, 0.8166408133495282, 0.838342312252127, 0.8180535272729735, 0.996023142461247, 0.8307382633262431, 0.9960316310219616, 0.8330327821684791, 0.9975010232895704, 0.996354587655432, 0.8383946712167437, 0.9352875042700407, 0.8238327018050298], [0.9238399506271889, 0.9021971044681487, 0.9992070576221956, 0.9992393705913092, 0.9979200665133027, 0.9996632299027864, 0.9267208425148603, 0.999997639398024, 0.9958053750875994, 0.9972272169834184, 0.7822921669142512, 0.9986919261143054, 0.9996845880135121, 0.7616241414111165, 0.7672439171380174, 0.8161877226212187, 1.0, 0.9996260660630638, 0.9594772229318325, 0.9994840178460911, 0.9982663634071867, 0.9989669386701198, 0.9999859495821559, 0.8623594394504016, 0.9460242304185519, 0.914881841369772, 0.9997898275298029, 0.8198811040254728, 0.9999433513649411, 0.9963555922073408, 0.99990021570889, 0.7614642822148371, 0.9982777581982383, 0.761526716607696, 0.9977743579255667, 0.7738512938893081, 0.7641177142699374, 0.9990910253726001, 0.9673039343731479, 0.999416654962217], [0.9309481666664361, 0.9103955413168502, 0.9985597233779616, 0.999893349153774, 0.9972047343435371, 0.9990760369169115, 0.9336759441491775, 0.9995960052128706, 0.9950502409040256, 0.9964938355329287, 0.7938178871869308, 0.9980085342423756, 0.9991017688971573, 0.7748297012834237, 0.7805784633854027, 0.8279978173358258, 0.9996260660630638, 1.0, 0.964497105075981, 0.9988674252476001, 0.9975632659478151, 0.9997553881377149, 0.9996957287611146, 0.8723524147583456, 0.9518901707581393, 0.9224533754716396, 0.9992330960058459, 0.8315556300680721, 0.9997737595617596, 0.995607135757881, 0.9998377677345626, 0.7747663240804469, 0.9975751126078389, 0.7748416616984808, 0.9970546168209048, 0.7870387844803225, 0.7774905156156656, 0.9998219241717667, 0.9717824412323434, 0.9987913666770246], [0.9942439839375266, 0.9870977158956963, 0.9645233243110114, 0.96824004445825, 0.9677798483617085, 0.9626129377598529, 0.9950321934794284, 0.9596635502305765, 0.9709435563977847, 0.9690016526187346, 0.9261164092799457, 0.9660529460794135, 0.9624981866174425, 0.9125802350369818, 0.9156479701088638, 0.9450926596688111, 0.9594772229318325, 0.964497105075981, 1.0, 0.9634635733599708, 0.967065401490628, 0.9700936023748895, 0.9591926484505089, 0.9697517686707703, 0.9990131788212995, 0.9915312540181808, 0.9618704079434824, 0.9472022139509847, 0.9593630933628792, 0.9702623548433471, 0.9599357006115319, 0.9123368909035424, 0.9670404126162716, 0.9123527193086222, 0.9680573808753143, 0.9197036739638381, 0.9137684336851872, 0.9692992595913953, 0.9995727027770398, 0.963744094990255], [0.9292376786052938, 0.9081472559732814, 0.9999699201568737, 0.9987113676668821, 0.9994682895892542, 0.9999806855341938, 0.9320314897867867, 0.9995499903572038, 0.99820693393967, 0.9990905036255555, 0.791896851739392, 0.999816336562984, 0.999975097585729, 0.7698192534395217, 0.7748937205029054, 0.8232792952118378, 0.9994840178460911, 0.9988674252476001, 0.9634635733599708, 1.0, 0.9996366580156529, 0.9985711177298136, 0.9993091987051208, 0.8689875973934643, 0.9506425589010792, 0.9205285242106059, 0.9999315595605532, 0.826942619322944, 0.9991270478600761, 0.9985620826786015, 0.9990251821979719, 0.7695082894850475, 0.9996419014291942, 0.7695455254019896, 0.9993928625798895, 0.7813543567399894, 0.7718876115293628, 0.9986373637551692, 0.9708394689228567, 0.9999979036421699], [0.9344321756420089, 0.9140156252196242, 0.9998155751526348, 0.9976535124387654, 0.9999839988192996, 0.9994500837927077, 0.9371232315251233, 0.9983869629020004, 0.9994568260334178, 0.9998766675569133, 0.8015654077447634, 0.9999696175739622, 0.9994218590296351, 0.7785586189174252, 0.7831779866836619, 0.8307936269875541, 0.9982663634071867, 0.9975632659478151, 0.967065401490628, 0.9996366580156529, 1.0, 0.9976501628783323, 0.9979660968214388, 0.8757677905797646, 0.9549410691095703, 0.9260215222984887, 0.9992536650459649, 0.8344059159874911, 0.9976829920649833, 0.9996436972067477, 0.9975479644010712, 0.7781327905909377, 0.9999999809213908, 0.778150282431695, 0.999968833003599, 0.7894825419883787, 0.7802844471866069, 0.9976567132792094, 0.973955839169053, 0.9996897151196494], [0.9387959697490686, 0.9193228231637599, 0.9983699907837025, 0.9999716933512752, 0.9973756355448852, 0.9986974184440783, 0.9413672067410161, 0.9989524832739788, 0.9956377317638732, 0.9968161106458759, 0.8070729825555346, 0.9979813740443394, 0.9987122561015598, 0.7885672719218902, 0.7941242253749967, 0.8401436627198605, 0.9989669386701198, 0.9997553881377149, 0.9700936023748895, 0.9985711177298136, 0.9976501628783323, 1.0, 0.9990133029132378, 0.8829364014918145, 0.9584300258916738, 0.9307673038420521, 0.9987848359300998, 0.8435872770722078, 0.9991058128786696, 0.9960976369265123, 0.9992167044457438, 0.788494892511875, 0.9976591262947601, 0.7885664131342304, 0.9972590072719126, 0.80040082330582, 0.7911269724712912, 0.9999947138577995, 0.9767511789625632, 0.998522821726621], [0.9234983840723565, 0.9018518241628025, 0.9989956004586144, 0.9992953197006329, 0.9975940625610947, 0.9995181863088061, 0.9263811387302368, 0.9999721689344796, 0.9953572175477207, 0.9968558840576665, 0.7816628674799514, 0.9984274157859074, 0.9995436115116996, 0.7613053049953743, 0.7670097552216885, 0.8159275692260181, 0.9999859495821559, 0.9996957287611146, 0.9591926484505089, 0.9993091987051208, 0.9979660968214388, 0.9990133029132378, 1.0, 0.8620407345787705, 0.9457080685215714, 0.9145366926178731, 0.999671436201247, 0.8196159337973377, 0.9999849815296659, 0.9959351934921636, 0.9999571984670491, 0.7611730487190699, 0.9979783833638342, 0.7612398691238972, 0.9974382164305666, 0.773627532223233, 0.7638694479128043, 0.9991416692765065, 0.9670461292278438, 0.9992321118832318], [0.9902569896570956, 0.9962876885707773, 0.8709128233004345, 0.8793957356792509, 0.8771991527760181, 0.8674825770944494, 0.9891673450547095, 0.8626243429720801, 0.8839944449240276, 0.8797267747647678, 0.9891348026292645, 0.8737919529984288, 0.8672823585954569, 0.9847838010274402, 0.9859705780382363, 0.996217457042774, 0.8623594394504016, 0.8723524147583456, 0.9697517686707703, 0.8689875973934643, 0.8757677905797646, 0.8829364014918145, 0.8620407345787705, 1.0, 0.9795788041857593, 0.9931846213294907, 0.8661994207136041, 0.9967665322558439, 0.86256960232035, 0.8824575003391162, 0.8637482101933951, 0.9846648304215653, 0.8757183014440276, 0.9846676238642248, 0.8777640893765408, 0.9875921738099231, 0.9852141873769622, 0.8814137347186898, 0.9622722839341761, 0.8694918147199981], [0.9980189231332227, 0.9932224990039454, 0.9518944882325471, 0.9562560583299308, 0.9558100402850318, 0.9496446210672789, 0.9984701334383714, 0.946235364691417, 0.9597474902710451, 0.9573116288011887, 0.9419379298053505, 0.9537197351151725, 0.9495104621264202, 0.9297336907213134, 0.932402093426403, 0.9585307138853578, 0.9460242304185519, 0.9518901707581393, 0.9990131788212995, 0.9506425589010792, 0.9549410691095703, 0.9584300258916738, 0.9457080685215714, 0.9795788041857593, 1.0, 0.9963152172825961, 0.9487784579927216, 0.9603720291822809, 0.9459201050012379, 0.9588851205190939, 0.9465912024264609, 0.9294879531621588, 0.9549107865068782, 0.9294977155137537, 0.9561493270456385, 0.9360269028405762, 0.9307293692248412, 0.9574972646861443, 0.9972889404751957, 0.9509729992327131], [0.9997370533907786, 0.9995300488868509, 0.9221073767044369, 0.9279923569364916, 0.927158159522366, 0.9192820587713723, 0.9995327793416197, 0.9151275918274108, 0.9324454110596333, 0.929146157813943, 0.9670553722043932, 0.9244396726927668, 0.9191153267957953, 0.9578445066080448, 0.9598152346801673, 0.9793313604878379, 0.914881841369772, 0.9224533754716396, 0.9915312540181808, 0.9205285242106059, 0.9260215222984887, 0.9307673038420521, 0.9145366926178731, 0.9931846213294907, 0.9963152172825961, 1.0, 0.9182092708000488, 0.9806360279587104, 0.914858660348247, 0.931265755565864, 0.9157345068499375, 0.957625622201496, 0.9259820836143121, 0.9576283413234367, 0.9276046207936063, 0.9625946815982849, 0.9585379236334309, 0.929575035271193, 0.987324033312528, 0.9209436291235399], [0.9270308031200979, 0.9056883165639307, 0.9998108208395804, 0.9989797753709522, 0.9990195402094915, 0.9999849530103871, 0.9298635336859051, 0.9998314946579668, 0.9974420078960504, 0.9985251624281866, 0.787930675817634, 0.9995240951434317, 0.9999892178414508, 0.7663073304755719, 0.7715800542068628, 0.8202402034778576, 0.9997898275298029, 0.9992330960058459, 0.9618704079434824, 0.9999315595605532, 0.9992536650459649, 0.9987848359300998, 0.999671436201247, 0.8661994207136041, 0.9487784579927216, 0.9182092708000488, 1.0, 0.8239205910921906, 0.9995363131289142, 0.9978695381018113, 0.9994519437384267, 0.7660486640586498, 0.9992611805711992, 0.7660947595519964, 0.9989181213675234, 0.7781019344120325, 0.7685273859533558, 0.9988749611455557, 0.9694368709702549, 0.9999055198732708], [0.975909669141812, 0.9861626506294751, 0.829047518420639, 0.8395601043066295, 0.8359981067002863, 0.8253068426759692, 0.9742240482237716, 0.8201437098815245, 0.8436315109851446, 0.8388230059535038, 0.9960720345199211, 0.8322171399130376, 0.8250899769081302, 0.9954470410569551, 0.9961874910860221, 0.9999784385256277, 0.8198811040254728, 0.8315556300680721, 0.9472022139509847, 0.826942619322944, 0.8344059159874911, 0.8435872770722078, 0.8196159337973377, 0.9967665322558439, 0.9603720291822809, 0.9806360279587104, 0.8239205910921906, 1.0, 0.8203149340705856, 0.8418940597470965, 0.821710067238376, 0.9954298342085391, 0.8343509640682928, 0.9954378121345737, 0.8366280178427833, 0.9970161229962952, 0.9957769819490055, 0.8418548194326801, 0.9375693976645901, 0.8274926444019127], [0.9237872620990456, 0.9022221104019449, 0.9987835422291836, 0.9993846555937614, 0.9972906713797927, 0.9993606819759544, 0.9266595920116772, 0.999918850196849, 0.9949589548479537, 0.9965170344181841, 0.7820768362334642, 0.9981727036001569, 0.999389501333473, 0.7620823041108357, 0.7678603288007478, 0.8166408133495282, 0.9999433513649411, 0.9997737595617596, 0.9593630933628792, 0.9991270478600761, 0.9976829920649833, 0.9991058128786696, 0.9999849815296659, 0.86256960232035, 0.9459201050012379, 0.914858660348247, 0.9995363131289142, 0.8203149340705856, 1.0, 0.9955583070103736, 0.9999920237067933, 0.761978239180048, 0.9976959836533371, 0.7620493514946274, 0.9971268664246523, 0.7744745532421985, 0.7647123830672772, 0.9992329542190372, 0.967194891219647, 0.9990419820152913], [0.9393486937949741, 0.9196753215857139, 0.9989472115107401, 0.9959575076422595, 0.9997786800061148, 0.998210765441999, 0.9419274198853698, 0.9965289820952454, 0.9999803615816327, 0.9999395991853735, 0.8112624876377172, 0.9994053492607666, 0.9981602677569484, 0.7874370490136605, 0.7916073154618911, 0.838342312252127, 0.9963555922073408, 0.995607135757881, 0.9702623548433471, 0.9985620826786015, 0.9996436972067477, 0.9960976369265123, 0.9959351934921636, 0.8824575003391162, 0.9588851205190939, 0.931265755565864, 0.9978695381018113, 0.8418940597470965, 0.9955583070103736, 1.0, 0.9953961357402858, 0.7869023931379537, 0.9996384653774459, 0.7869009187862286, 0.999823257449345, 0.7977443415335729, 0.7888298285503615, 0.9960416781159414, 0.9766358560650208, 0.9986695228646029], [0.9246067222587642, 0.9031750943108982, 0.9986713169965155, 0.9994807017604881, 0.9971495186897142, 0.999267779261521, 0.9274605393054997, 0.9998702539015789, 0.9947909794803806, 0.9963655248120732, 0.7833881273842467, 0.9980465186082378, 0.999297866984949, 0.7636561078284319, 0.7694652394616108, 0.8180535272729735, 0.99990021570889, 0.9998377677345626, 0.9599357006115319, 0.9990251821979719, 0.9975479644010712, 0.9992167044457438, 0.9999571984670491, 0.8637482101933951, 0.9465912024264609, 0.9157345068499375, 0.9994519437384267, 0.821710067238376, 0.9999920237067933, 0.9953961357402858, 1.0, 0.7635688784354364, 0.9975611716511624, 0.763642367295314, 0.9969833516571729, 0.776063248911191, 0.7663194598743712, 0.999337524155187, 0.9677056483747545, 0.9989373007828093], [0.9507792012832649, 0.9660011257500808, 0.7719292938510799, 0.7838915109605559, 0.7799873959466908, 0.7676331816313873, 0.9483900225337665, 0.7617593212579084, 0.7889550438126722, 0.7832910508230516, 0.9971699805130644, 0.7755917919791933, 0.7673850154201923, 0.9999862300174371, 0.9999067343599232, 0.996023142461247, 0.7614642822148371, 0.7747663240804469, 0.9123368909035424, 0.7695082894850475, 0.7781327905909377, 0.788494892511875, 0.7611730487190699, 0.9846648304215653, 0.9294879531621588, 0.957625622201496, 0.7660486640586498, 0.9954298342085391, 0.761978239180048, 0.7869023931379537, 0.7635688784354364, 1.0, 0.7780688756692206, 0.999999655604597, 0.7807225887263184, 0.9997445568274457, 0.9999603873168667, 0.7865134417360754, 0.9001290026695452, 0.7701400432696109], [0.934395036658795, 0.9139732807200268, 0.9998193066117598, 0.9976635027901312, 0.9999828747183447, 0.9994565359879967, 0.9370868821882069, 0.9983979672959998, 0.9994503717758189, 0.9998735809666613, 0.8014943757092613, 0.9999711211390137, 0.9994284747206479, 0.778493892496077, 0.7831165503655609, 0.8307382633262431, 0.9982777581982383, 0.9975751126078389, 0.9670404126162716, 0.9996419014291942, 0.9999999809213908, 0.9976591262947601, 0.9979783833638342, 0.8757183014440276, 0.9549107865068782, 0.9259820836143121, 0.9992611805711992, 0.8343509640682928, 0.9976959836533371, 0.9996384653774459, 0.9975611716511624, 0.7780688756692206, 1.0, 0.7780865080850389, 0.999967271744154, 0.7894222905044733, 0.780222176300639, 0.9976661242501743, 0.9739345239140701, 0.9996945596855978], [0.9507831921740831, 0.9660028278194017, 0.7719607699681581, 0.7839645917300405, 0.7800008292135472, 0.767675094297486, 0.9483945351451826, 0.7618199708829025, 0.7889491788662881, 0.7832973297332855, 0.9971184217501836, 0.7756149179394121, 0.7674275665883722, 0.9999815907934051, 0.9999157115908927, 0.9960316310219616, 0.761526716607696, 0.7748416616984808, 0.9123527193086222, 0.7695455254019896, 0.778150282431695, 0.7885664131342304, 0.7612398691238972, 0.9846676238642248, 0.9294977155137537, 0.9576283413234367, 0.7660947595519964, 0.9954378121345737, 0.7620493514946274, 0.7869009187862286, 0.763642367295314, 0.999999655604597, 0.7780865080850389, 1.0, 0.7807344226679298, 0.9997556345736087, 0.9999669381413258, 0.7865856584183744, 0.9001496913866456, 0.7701757510518679], [0.9359210166750256, 0.915717955080037, 0.9996328545616939, 0.9972205360506159, 0.9999974952830857, 0.9991574717630803, 0.9385797263049357, 0.9979106825727614, 0.9996858150242031, 0.9999694954165397, 0.8044385004589768, 0.9998769151691209, 0.9991226451790455, 0.7811810151236375, 0.7856674616040276, 0.8330327821684791, 0.9977743579255667, 0.9970546168209048, 0.9680573808753143, 0.9993928625798895, 0.999968833003599, 0.9972590072719126, 0.9974382164305666, 0.8777640893765408, 0.9561493270456385, 0.9276046207936063, 0.9989181213675234, 0.8366280178427833, 0.9971268664246523, 0.999823257449345, 0.9969833516571729, 0.7807225887263184, 0.999967271744154, 0.7807344226679298, 1.0, 0.7919235915666497, 0.7828078440564282, 0.9972473336257878, 0.9747978753674751, 0.9994620295465869], [0.9561624812764278, 0.9704229581107385, 0.7836347910910473, 0.7959257131278529, 0.7912306976155374, 0.7795901697074006, 0.9539121184646587, 0.7741148646274443, 0.7996759504224003, 0.7943436725774237, 0.9968358047611999, 0.7870870605905703, 0.7793568924548293, 0.9996752003786341, 0.9999451907531463, 0.9975010232895704, 0.7738512938893081, 0.7870387844803225, 0.9197036739638381, 0.7813543567399894, 0.7894825419883787, 0.80040082330582, 0.773627532223233, 0.9875921738099231, 0.9360269028405762, 0.9625946815982849, 0.7781019344120325, 0.9970161229962952, 0.7744745532421985, 0.7977443415335729, 0.776063248911191, 0.9997445568274457, 0.7894222905044733, 0.9997556345736087, 0.7919235915666497, 1.0, 0.9998765494161418, 0.7984751193121249, 0.9080439444420876, 0.7819492128508123], [0.9517742059543058, 0.9668088414828597, 0.7742429510000484, 0.7865574112563204, 0.7820914658473955, 0.7700652489104343, 0.9494134164335429, 0.764394555727398, 0.7908299519071668, 0.7853106960736982, 0.9967549158775493, 0.7778091068367392, 0.7698242385347864, 0.9999064082675413, 0.999985253446998, 0.996354587655432, 0.7641177142699374, 0.7774905156156656, 0.9137684336851872, 0.7718876115293628, 0.7802844471866069, 0.7911269724712912, 0.7638694479128043, 0.9852141873769622, 0.9307293692248412, 0.9585379236334309, 0.7685273859533558, 0.9957769819490055, 0.7647123830672772, 0.7888298285503615, 0.7663194598743712, 0.9999603873168667, 0.780222176300639, 0.9999669381413258, 0.7828078440564282, 0.9998765494161418, 1.0, 0.7891603473424108, 0.9016923858961489, 0.7725020143677771], [0.9376717786401471, 0.9180410947532417, 0.9984195805644234, 0.9999908712389033, 0.9973691536648935, 0.9987765747314246, 0.9402658956870222, 0.9990739390925675, 0.9955667842015686, 0.9967861763425389, 0.8051501255947618, 0.9980056436556521, 0.998793125088821, 0.7865836381073124, 0.792171313502644, 0.8383946712167437, 0.9990910253726001, 0.9998219241717667, 0.9692992595913953, 0.9986373637551692, 0.9976567132792094, 0.9999947138577995, 0.9991416692765065, 0.8814137347186898, 0.9574972646861443, 0.929575035271193, 0.9988749611455557, 0.8418548194326801, 0.9992329542190372, 0.9960416781159414, 0.999337524155187, 0.7865134417360754, 0.9976661242501743, 0.7865856584183744, 0.9972473336257878, 0.7984751193121249, 0.7891603473424108, 1.0, 0.97604909792107, 0.9985847232367171], [0.9906949852901017, 0.982017628876433, 0.9717648195249043, 0.9751111361493666, 0.9745631286084893, 0.9700922385042785, 0.9917032886399003, 0.9674714787643599, 0.9771920819631896, 0.9755912476448622, 0.9146945787343518, 0.9730884811654608, 0.9699911440075003, 0.9003648246979069, 0.9037082564190703, 0.9352875042700407, 0.9673039343731479, 0.9717824412323434, 0.9995727027770398, 0.9708394689228567, 0.973955839169053, 0.9767511789625632, 0.9670461292278438, 0.9622722839341761, 0.9972889404751957, 0.987324033312528, 0.9694368709702549, 0.9375693976645901, 0.967194891219647, 0.9766358560650208, 0.9677056483747545, 0.9001290026695452, 0.9739345239140701, 0.9001496913866456, 0.9747978753674751, 0.9080439444420876, 0.9016923858961489, 0.97604909792107, 1.0, 0.971085031638237], [0.929631760214192, 0.9085886374728577, 0.9999837047010401, 0.9986531152198922, 0.9995328918796614, 0.9999658649533636, 0.9324183112819651, 0.9994868364962979, 0.9983271012838892, 0.9991755864599674, 0.7926131235614192, 0.9998534675311264, 0.999958553715276, 0.7704599712414295, 0.7754997972962692, 0.8238327018050298, 0.999416654962217, 0.9987913666770246, 0.963744094990255, 0.9999979036421699, 0.9996897151196494, 0.998522821726621, 0.9992321118832318, 0.8694918147199981, 0.9509729992327131, 0.9209436291235399, 0.9999055198732708, 0.8274926444019127, 0.9990419820152913, 0.9986695228646029, 0.9989373007828093, 0.7701400432696109, 0.9996945596855978, 0.7701757510518679, 0.9994620295465869, 0.7819492128508123, 0.7725020143677771, 0.9985847232367171, 0.971085031638237, 1.0]]}, "task_id": "task_4", "task_output": [[1.9268670314942122, 5.6969338741889635, -0.054818190339143494, 3.1086244689504383e-15, -4.558853294867049e-15], [1.8211198243157392, 5.672860131049488, -0.05487965008429907, 3.3861802251067274e-15, -4.954370247389761e-15], [2.497322998487117, 5.4120110770103, -0.052550244681188144, 2.6645352591003757e-15, -4.454769886308441e-15], [2.4739514150752266, 5.44133982095974, -0.06155593348542829, 3.1086244689504383e-15, -4.9509008004378074e-15], [2.4811918710810175, 5.43379171872448, -0.049265452061757746, 2.55351295663786e-15, -4.3923198411732756e-15], [2.504979180773288, 5.399559675593615, -0.054465016522996686, 2.831068712794149e-15, -4.447830992404533e-15], [1.9415105613542596, 5.699053154876353, -0.05483667549701016, 3.1086244689504383e-15, -4.7253867485608225e-15], [2.5139215647584567, 5.38101866170884, -0.0579859641901702, 3.4416913763379853e-15, -4.6074255521944e-15], [2.4606002830026856, 5.455760846874139, -0.04576190343615126, 2.4980018054066022e-15, -4.215378046623641e-15], [2.4739341238184815, 5.442164592873957, -0.04796644502709979, 2.831068712794149e-15, -4.354155924701786e-15], [1.325487204614395, 5.390250016488094, -0.04445472987859007, 2.3314683517128287e-15, -4.184153024056059e-15], [2.4902681241687654, 5.422152191725518, -0.0510276173071595, 2.6645352591003757e-15, -4.666406150377611e-15], [2.5053991897386947, 5.398819798275011, -0.05458280066375938, 2.831068712794149e-15, -4.69416172599324e-15], [1.2386879507388444, 5.326577598480175, -0.05390831845195324, 3.1086244689504383e-15, -4.853756285783106e-15], [1.2585839550775189, 5.342351295871968, -0.056717176410587544, 3.1086244689504383e-15, -4.884981308350689e-15], [1.4487421261038802, 5.4864072723042625, -0.05688835919145013, 3.191891195797325e-15, -4.593547764386585e-15], [2.514233602840903, 5.379928454359496, -0.05833370395610173, 3.3861802251067274e-15, -4.898859096158503e-15], [2.489983846570521, 5.415714422464197, -0.0615812425579095, 3.164135620181696e-15, -5.034167527284694e-15], [2.1218982848156496, 5.696569467110642, -0.05571378763812725, 3.3861802251067274e-15, -4.586608870482678e-15], [2.5017241661079095, 5.405073700264375, -0.05360482827928458, 2.7200464103316335e-15, -4.447830992404533e-15], [2.485101878452756, 5.428950353506927, -0.05000285867688373, 2.609024107869118e-15, -4.250072516143177e-15], [2.4656144634325567, 5.454078153877767, -0.06145697166743042, 3.552713678800501e-15, -4.867634073590921e-15], [2.5142221797974393, 5.37844850584573, -0.05920879700633103, 3.219646771412954e-15, -5.096617572419859e-15], [1.6411260620686374, 5.60061822961435, -0.05562130246408663, 3.3029134982598407e-15, -4.565792188770956e-15], [2.044150399396711, 5.704599872547365, -0.05517791446909101, 3.1086244689504383e-15, -4.926614671774132e-15], [1.8822438642075312, 5.688601598739163, -0.054803938674981255, 2.942091015256665e-15, -5.127842594987442e-15], [2.5076137761907393, 5.3947904069035415, -0.055238464982170866, 2.55351295663786e-15, -4.5727310826748635e-15], [1.463625371330982, 5.496467927374634, -0.05679089740026125, 3.0808688933348094e-15, -4.8433479449272454e-15], [2.5123342808513076, 5.380080643166399, -0.060116910765776195, 2.9976021664879227e-15, -4.8329396040713846e-15], [2.4655647396087215, 5.450945756865214, -0.046559057796663535, 2.4980018054066022e-15, -4.142519660632615e-15], [2.5093585312439926, 5.384253128955076, -0.06067424813610066, 3.3861802251067274e-15, -4.7982451345518484e-15], [1.2376431513824993, 5.325534658020619, -0.054778135508866455, 3.2751579226442118e-15, -4.6351811278100286e-15], [2.4852345326116048, 5.4287816999173515, -0.05002840971455755, 2.609024107869118e-15, -4.433953204596719e-15], [1.2378104892280646, 5.325639403978511, -0.05491833209993427, 2.7200464103316335e-15, -4.697631172945194e-15], [2.4796092833405416, 5.435682874839385, -0.04897499133918771, 2.6645352591003757e-15, -4.333339242990064e-15], [1.283454867135057, 5.362561830190899, -0.0571967693279053, 3.1363800445660672e-15, -4.9057979900624105e-15], [1.246994808040977, 5.332913831239669, -0.0561987492704626, 3.247402347028583e-15, -4.971717482149529e-15], [2.469226