{"model": null, "reduction_technique": "SVD", "latent_features": {"matrix_mxk": [[-0.1601500658351594, 0.18945462800133828, 0.024386627080720872, -0.05066210221044595, -0.22281829074804999, 0.02847950644832121, 0.18151311199141615, 0.16706831079993345, -0.10499515421572667, -0.04727671322276156], [-0.16007242098784893, -0.21099101524062416, 0.052417730962306446, -0.06542062617011653, -0.14601373101200632, 0.1071837921348766, -0.10945337156567381, -0.1321201457305246, 0.05143550613352546, 0.11300990029501513], [-0.16048943059655252, -0.0709477300162285, -0.1534890336316725, -0.02729905869691548, -0.220506907349948, 0.019966054442570776, -0.08449848341615548, 0.06987447912438435, 0.3468569862113978, 0.044942193940445845], [-0.15991734938574828, 0.17119635942318634, -0.10502831472693568, 0.11793475377885654, 0.036235834865300146, 0.1573091753609282, -0.3087840039300765, 0.10168540543166076, -0.02127255588107043, -0.08137915931014603], [-0.15807724713434473, -0.18250997999833984, -0.10311447730420577, -0.045133278055136665, 0.014095402456588977, 0.14403252324731708, 0.061163818978401736, 0.24859031634859094, -0.40896800698917396, -0.00509864804663039], [-0.15988753884562262, -0.2813605653751752, 0.11161604616749925, -0.00274026542370746, 0.04111683335929794, 0.004156812369961431, 0.06581676952331833, 0.08100020590836067, -0.05985514375611276, -0.06073957819976398], [-0.15815620842448233, 0.09792801303713865, -0.005106722741946822, -0.23607114872288848, 0.24569026098831265, 0.047520900756028, -0.03640734301459268, -0.03811810640569792, -0.26262356205300663, -0.2192163380889164], [-0.15698622063295228, -0.15153185981877798, -0.33247338289657397, -0.09009719678396957, 0.03518837918563974, -0.0864641328124389, 0.04191726157883172, -0.20232911621542377, -0.07465414794891406, 0.010788309295350119], [-0.15850284476936619, -0.06993976955405523, -0.10795475263989879, -0.2655824898112484, 0.1110291484974632, -0.00425521466713114, 0.0014231873644485551, 0.0751101489946357, -0.21515035935747198, 0.32519860943540574], [-0.15758217232663502, 0.19438750937034038, 0.08060693525333844, -0.025634170371864426, -0.16133936610863023, -0.3586719473301935, 0.1844068565767184, -0.006752679786552858, 0.14140763720221383, 0.055329296425867314], [-0.15640576521351085, -0.22310094724245969, 0.07031019097955314, 0.02486888565153907, 0.0746787910007464, 0.16219844951430226, 0.1726795754954316, -0.021728404163406132, 0.2825911213358384, 0.35364819252897095], [-0.15690478177161962, -0.03571061705753217, 0.14502387281516815, -0.20642270195611284, 0.30292718003204355, -0.06722377909637113, -0.16501130992470095, 0.07813009229344271, 0.2992177895747508, -0.035174911001923465], [-0.1586524181365563, -0.022941728449543463, -0.21954396137756066, 0.040347709068673576, 0.14343259296846492, 0.014561766309121421, -0.013744252900699411, -0.4092056498945846, 0.026928325074317812, -0.1459435746094519], [-0.1571460980340666, -0.0839296129535291, -0.05058712744893287, 0.32829510115656746, 0.20708271433901448, 0.08402165507542154, 0.18671576463777342, -0.15000282286435207, 0.08069856932582575, -0.09560112620908161], [-0.16002242503691455, -0.08086288418024327, -0.15205540629127917, 0.13969306177034496, -0.10563375666349759, 0.05318191811488487, 0.1405090302206949, 0.24267231800182265, -0.05920301070864722, -0.21155571592244105], [-0.1577342681923425, 0.2806077610718421, -0.02744588254933087, -0.12897068160937716, 0.08874762993085754, 0.003993918522850945, -0.0032533352637328632, 0.01839926939185701, 0.09186195567437884, -0.08787565375163423], [-0.1570464941892306, 0.25827149194607, 0.009444275226232896, -0.06650914801414635, 0.11311993304094638, 0.09776125686962348, 0.3196238908506067, 0.020345886616542123, 0.20226991505240113, -0.14512527985504703], [-0.15789521033268472, -0.11098686879709335, 0.017709054869764287, 0.11702222939670184, -0.23457437782544355, -0.09786583438884264, -0.16858633114912344, -0.0069669719107917985, -0.040921965915217635, -0.4947061127458972], [-0.15914771280922727, 0.3114189248556287, 0.069809501176946, -0.06496476478900526, -0.04441084770658542, 0.08022952978046179, -0.05376391156581905, -0.11805069596726167, -0.03281187786495521, 0.03298879384693129], [-0.15920979962180293, -0.17619824387172162, -0.16246768758985508, 0.010484029763180847, -0.2459498872424061, 0.22215620073904546, 0.002194853403563401, 0.032438756774820894, -0.09571154416721168, 0.12969619313154934], [-0.15654882310943827, -0.2740432315835322, 0.2496031187977487, -0.09319993221349061, -0.08043543517489438, -0.032675862208329826, -0.13063507191326773, 0.1270925422844648, 0.04024453752440053, -0.02310740977308027], [-0.15530243802925012, -0.25006518700684843, -0.0012578623512715069, 0.1668102318364753, 0.2532167199730204, -0.14284430441924983, -0.27717901965005287, 0.02051231935569284, 0.10781934728384586, 0.06290446869914823], [-0.15899650632087778, 0.1438380318719664, -0.17615012764473464, 0.09707721940606924, -0.08118961475959655, -0.21766373656280408, 0.06770227305445167, 0.1868978527657113, 0.05053797011809249, 0.20929652501514653], [-0.15746163294995408, -0.013431341723734086, 0.18997972675696753, 0.19085741603073617, 0.0273228040163476, -0.2233387460697553, 0.2503225172235942, 0.16835286655636625, -0.18120958988177263, 0.10950315292342507], [-0.1564803820855289, -0.15124133938307258, 0.08113538694766431, -0.33138984817430767, -0.07199029648524558, -0.12216300845495857, 0.12219944378538508, -0.16847340004633962, -0.07501091917748728, -0.18490162143593844], [-0.15833984362247708, 0.1709724644089697, -0.06367264708470828, 0.15165682704329933, 0.009126434146316448, 0.04105850216247925, -0.18014318688039418, -0.349848922783233, -0.06784501814891523, 0.057625822554476236], [-0.1584959458978605, -0.015242369648841937, -0.094480888651146, -0.0354650580490471, -0.006260552638769768, 0.37393270186320227, 0.29593902503846886, -0.0769561057370602, 0.08152130793534397, -0.04874019481438134], [-0.15763703129871393, 0.05514343593333111, 0.17745899323223466, 0.07441750572246802, -0.051511065745957735, 0.01985116455130472, -0.3758137150899104, 0.12551760449619598, -0.06785269268778245, 0.04040893360220883], [-0.15935544667640653, -0.05488167176372021, 0.22974936373947769, 0.09776165176818345, -0.30110855755340954, 0.0573242338468748, 0.05845655667123801, -0.017192563321311385, 0.05915518374562337, 0.004630433075688428], [-0.1571979832694591, -0.006923227617619463, 0.32543434932852766, -0.15743694454218357, -0.08312356248298468, -0.07327544009485686, 0.05019444056729108, -0.2316497364777738, -0.042186168239915674, -0.17631789576537027], [-0.15928049291917137, 0.18228510990815838, 0.1314319061253931, 0.05668206010136909, -0.03534610923169299, 0.13912718636669003, 0.0286975875294305, -0.14128835404012455, -0.35044498408799013, 0.22319512156739285], [-0.15911880306103526, -0.04298929315564914, 0.359274021822166, 0.04953703142270281, 0.042820162232578396, 0.059869823550071706, 0.06606143023402156, -0.1124623506256156, 0.06920661159533786, 0.05940351198511565], [-0.154530717647625, -0.0228114460661712, -0.19620906340302177, -0.15129915161524177, 0.16123173777718802, -0.4679130083564658, 0.04340983524811151, 0.1125117270692606, -0.1121070836185164, 0.02924537285748979], [-0.15800322162994812, -0.02205597623987553, -0.16930000233321052, 0.30078459654234196, 0.13544917724993052, -0.01837716868144447, 0.16591733512217036, 0.14655755707616777, 0.14669299784239942, -0.13328009276849348], [-0.15781786774105366, 0.04594985282940415, -0.2494623150710462, -0.22174749389948975, -0.07828644996460428, 0.2091396357987669, -0.17316711369982074, 0.021474334995711532, 0.08217185012359621, 0.10952310114959433], [-0.15828600400437678, 0.13361653306715654, 0.15970196458552263, 0.2303722944528172, 0.19785161617325647, -0.0465523727640782, -0.03331672870759375, -0.08535548741367344, -0.09597933351313434, 0.2680721392156841], [-0.15621546226272773, 0.06224357055469105, 0.11841063327960583, -0.03994801578852283, 0.36189646338216724, 0.18607982178164054, -0.07421540638239993, 0.2843533217531118, 0.025575198837924477, -0.145825487072732], [-0.15670314820241055, -0.030093983819660296, -0.1109131607587181, 0.31503058336364886, -0.10434348910466135, -0.20723966842416755, -0.11693393285306981, -0.1808601126774391, -0.11340800768570194, -0.01604441712391547], [-0.158438013649613, 0.2618682354438017, -0.014147940280127063, 0.01996537990424223, -0.19608500062036832, 0.025165143621799217, -0.1831798968748222, 0.21872830011085154, 0.12130295221656584, 0.002078032130928208], [-0.16011665396951097, 0.01588177880983783, -0.10505542052829994, -0.2266148730252781, -0.10326094523491515, -0.19229461436920375, -0.019610744613769795, -0.09801262061326256, 0.17671801228992998, 0.1116219117930822]], "matrix_kxk": [1244.9221247888554, 0.7704340225224386, 0.49369733812703837, 0.4487694335274581, 0.23739563382204962, 0.17038296292277694, 0.14044467002829597, 0.10720995750825829, 0.07852950606627986, 0.0468208483959158], "matrix_nxm": [[1.0, 0.8757558389379805, 0.9004671036160534, 0.9133823661094429, 0.8937631254929376, 0.8696115009642968, 0.9034004488369186, 0.8559949549744906, 0.8838192837512008, 0.9465008234872684, 0.8503098427987703, 0.8458497590398524, 0.850295254184418, 0.8434747380618587, 0.9342610926328384, 0.933031958761511, 0.9362850251874066, 0.887737536840809, 0.9548358194060792, 0.8952678732317698, 0.8485785788385245, 0.775010119958026, 0.9268275127686944, 0.9039194355367478, 0.8744270611275308, 0.884165322134078, 0.9018812170274229, 0.893039658697061, 0.9225268392766628, 0.8956552598572927, 0.9359511588079186, 0.8924883859486579, 0.8564361093020733, 0.8771361778779794, 0.8922266783300848, 0.8836012275500214, 0.8621842368299345, 0.8607259113138599, 0.954302068616934, 0.9159301226818607], [0.8757558389379805, 1.0, 0.9258964369513315, 0.8810628135646466, 0.9148363394266049, 0.950359253976914, 0.8547698226136913, 0.9007764322638909, 0.9171317609187045, 0.847292944433963, 0.9463445907070064, 0.8948158334918239, 0.8968720215966229, 0.8716040534260804, 0.9088476709902659, 0.863509722399163, 0.8167211570094925, 0.9232755854028244, 0.8677453989762397, 0.9460859575603306, 0.9482794067061068, 0.9073910551384231, 0.8609532586778132, 0.847866035654324, 0.9236264524730634, 0.8598693799445728, 0.894584342770305, 0.8723205352621826, 0.9226427853067235, 0.9218238494729285, 0.8830724649412379, 0.9275385378777147, 0.8311766517058262, 0.8461655288936997, 0.9030490593336045, 0.8648180106898528, 0.8370487947182531, 0.8933021246489035, 0.8661085601742033, 0.9025574736696256], [0.9004671036160534, 0.9258964369513315, 1.0, 0.9060339107054985, 0.8806643360268963, 0.8996557866403803, 0.8447878905561952, 0.9193729555433098, 0.8856957406626459, 0.8953862599431254, 0.9007167404361699, 0.8775337709337306, 0.900482978740812, 0.8718084359810906, 0.9200364400467789, 0.866183480211195, 0.8747579849856485, 0.9130774474846775, 0.8735124755207837, 0.9550641140129075, 0.9010962797828582, 0.8837070087440821, 0.9229488359740765, 0.8503333639867213, 0.8847688257281501, 0.8896170961145585, 0.9158932996059497, 0.894615026920694, 0.9240067667227905, 0.8507556232590276, 0.8442440925158896, 0.8588924489872316, 0.8729380200766381, 0.9083969037872133, 0.9506830534880084, 0.8353919183190139, 0.8469504127783212, 0.8863633185349273, 0.9233667806902192, 0.9535538153648178], [0.9133823661094429, 0.8810628135646466, 0.9060339107054985, 1.0, 0.883844387986501, 0.8514000003674134, 0.9030842626276061, 0.8636800913445322, 0.871818176710056, 0.8599464208936314, 0.8343167427814624, 0.8769068380999824, 0.9061753082852004, 0.886978229447046, 0.917139547598661, 0.9373283589063924, 0.8890652079946552, 0.9021595223478264, 0.944219091785711, 0.8906746615981599, 0.8308863536100101, 0.8778788149621174, 0.9209005058881771, 0.843673893782686, 0.8006007911359462, 0.9404260815168307, 0.87873219155487, 0.9303896083517955, 0.8666828208116286, 0.8349058229426601, 0.9192017864912145, 0.8631957581391381, 0.8396140328578912, 0.9107634477408217, 0.9255796425458218, 0.9196237029894989, 0.9124985786270662, 0.908641199020257, 0.963877472435748, 0.874336120552678], [0.8937631254929376, 0.9148363394266049, 0.8806643360268963, 0.883844387986501, 1.0, 0.9502844720229505, 0.9058120100603392, 0.9146996657853215, 0.9393660650258402, 0.806251759092492, 0.8822114592822669, 0.8434604800250949, 0.8726888270720866, 0.8735446803796433, 0.9470208766843957, 0.8376099546562424, 0.825830404127636, 0.8863542448940641, 0.8356714580742283, 0.950781864517214, 0.9036941931659581, 0.8764988947800713, 0.8759063635527357, 0.8837497063410564, 0.8888927161097364, 0.8278222716876644, 0.9041078963264894, 0.8609918484256207, 0.8699165857847487, 0.8419320747704986, 0.884516792454334, 0.856469489347951, 0.8780714829992183, 0.8860371652916107, 0.8951409700561477, 0.8487500771778336, 0.8808103671253201, 0.8573605800647744, 0.8438188936119968, 0.8644657644821211], [0.8696115009642968, 0.950359253976914, 0.8996557866403803, 0.8514000003674134, 0.9502844720229505, 1.0, 0.8848976273348478, 0.8977077870723598, 0.8979636410476121, 0.8425204898665929, 0.9385919870548675, 0.9055499445186902, 0.8857227094588465, 0.9092549291611356, 0.9255784836084129, 0.8234278428573683, 0.8280702465562123, 0.9129202679552096, 0.8283638059306738, 0.9220138977124683, 0.9728884964620186, 0.9295663299629238, 0.8554025997864644, 0.912398753953741, 0.9214507905811039, 0.8253692849840437, 0.8881849094003457, 0.8821641092472078, 0.9224524447685304, 0.908165094440022, 0.8611534939960889, 0.9363542653170677, 0.8654878014534518, 0.8929262389363953, 0.8461565936376392, 0.8788924250818227, 0.8792442890583277, 0.8643243713215105, 0.8251459937749778, 0.8885850886742919], [0.9034004488369186, 0.8547698226136913, 0.8447878905561952, 0.9030842626276061, 0.9058120100603392, 0.8848976273348478, 1.0, 0.8961848312986851, 0.9244812722596936, 0.8587941045610246, 0.8215209937288208, 0.9204895983928897, 0.9091429641882808, 0.8439298514595955, 0.8628296333614404, 0.9207714332073479, 0.9118790723730109, 0.8451161019761729, 0.9257382784324686, 0.8473560361865086, 0.8539437246379254, 0.833829227524047, 0.8485411816511206, 0.849658241283376, 0.9108953856063304, 0.8904855132479532, 0.885548993404162, 0.887667648681386, 0.8329097245014808, 0.8951435643854108, 0.9075576214918082, 0.8743689564903261, 0.8988020122769613, 0.8431070932226441, 0.9025209318676185, 0.8772220162825362, 0.9285941994776085, 0.8079130116904939, 0.8682512752542866, 0.911772161966831], [0.8559949549744906, 0.9007764322638909, 0.9193729555433098, 0.8636800913445322, 0.9146996657853215, 0.8977077870723598, 0.8961848312986851, 1.0, 0.9255423102413726, 0.841512328758682, 0.8763460478374178, 0.8475278576607347, 0.9596072766198122, 0.8858165586020219, 0.9113556671400467, 0.8403112036981237, 0.8344035312892378, 0.870962940791927, 0.8329687696075017, 0.9294680466957126, 0.8386529736953315, 0.8809582614558724, 0.8837848144831422, 0.8237084611037085, 0.9004877272758702, 0.8847092475290375, 0.894242059784669, 0.8173979103056989, 0.8262316885242615, 0.8166860819601457, 0.8337216668313665, 0.8072603038623537, 0.9278128126616898, 0.8939388553334361, 0.9213524667064747, 0.8198940211420578, 0.8069108704963065, 0.8907701062967942, 0.8178368362961295, 0.9412808353949371], [0.8838192837512008, 0.9171317609187045, 0.8856957406626459, 0.871818176710056, 0.9393660650258402, 0.8979636410476121, 0.9244812722596936, 0.9255423102413726, 1.0, 0.8554996675356524, 0.8941403158296481, 0.9047822640301496, 0.8775790811507528, 0.8232436416691562, 0.8780432596994546, 0.8927739365712637, 0.8581232895027354, 0.829439661758967, 0.8734807008640895, 0.9134260575049987, 0.8801865002712542, 0.8705454018863961, 0.8881490336504366, 0.8571594433994446, 0.9251740173945385, 0.8506873128447892, 0.8918643668658459, 0.8480797481355464, 0.8351314351256189, 0.8685726796377276, 0.8927958078067187, 0.8562589965220572, 0.9300383241107775, 0.8345827418354568, 0.939458235903662, 0.8537805837897143, 0.8867153847353529, 0.8387368581444044, 0.8563791832567877, 0.9207585734691512], [0.9465008234872684, 0.847292944433963, 0.8953862599431254, 0.8599464208936314, 0.806251759092492, 0.8425204898665929, 0.8587941045610246, 0.841512328758682, 0.8554996675356524, 1.0, 0.8331505689771687, 0.8641494676652185, 0.8491263733150138, 0.8373299325565813, 0.8693134734379114, 0.9168511259548573, 0.9249695583026458, 0.8714301311401684, 0.9288398347543115, 0.8307100874689998, 0.8416514518178648, 0.8047269135826298, 0.9407959456146913, 0.924539462554139, 0.8822450465939725, 0.885984618034913, 0.8432593035985787, 0.8710509835238882, 0.9110847550999661, 0.9104261659098624, 0.8963440710617756, 0.8925041771638349, 0.9029972646910744, 0.8680666259430758, 0.8433147943060968, 0.8945219270326902, 0.8259756150048134, 0.8813016686331462, 0.9265842101761278, 0.9360144350054689], [0.8503098427987703, 0.9463445907070064, 0.9007167404361699, 0.8343167427814624, 0.8822114592822669, 0.9385919870548675, 0.8215209937288208, 0.8763460478374178, 0.8941403158296481, 0.8331505689771687, 1.0, 0.8993011351913807, 0.8666320447635693, 0.9104510930261229, 0.8955472741874935, 0.8273814316526805, 0.8467513118128205, 0.8329801899076293, 0.8245859384096215, 0.9075157000645796, 0.9089467546950116, 0.9016887988464444, 0.8426216334829588, 0.8713306188063192, 0.8650294042498263, 0.8260922831090496, 0.9093738075188641, 0.8347131241127318, 0.8958747872267357, 0.8626491609910134, 0.8497980957312189, 0.9311288441141983, 0.810961996412252, 0.8849216742801179, 0.8540106031161085, 0.8746619849286354, 0.857035403093658, 0.8431791986312629, 0.8144191503160307, 0.8747802048139601], [0.8458497590398524, 0.8948158334918239, 0.8775337709337306, 0.8769068380999824, 0.8434604800250949, 0.9055499445186902, 0.9204895983928897, 0.8475278576607347, 0.9047822640301496, 0.8641494676652185, 0.8993011351913807, 1.0, 0.8649922274947297, 0.8418001306522663, 0.8375991884661405, 0.9068921290856353, 0.8820056666547529, 0.8435627402086892, 0.8779332464185413, 0.8154356073504584, 0.9149547446221629, 0.911032421778694, 0.8399092259492652, 0.8444063135086594, 0.8988339003810901, 0.8367556195458201, 0.8441149811367684, 0.8880145450723417, 0.8445773396701001, 0.9040468004068659, 0.8355322547581275, 0.9174796640648345, 0.8825595272502678, 0.8426246650421831, 0.8743899487422427, 0.8772694209070687, 0.9400316495509888, 0.7998195181535201, 0.862662464762781, 0.9085604544298066], [0.850295254184418, 0.8968720215966229, 0.900482978740812, 0.9061753082852004, 0.8726888270720866, 0.8857227094588465, 0.9091429641882808, 0.9596072766198122, 0.8775790811507528, 0.8491263733150138, 0.8666320447635693, 0.8649922274947297, 1.0, 0.9371237683318172, 0.890746208071835, 0.8870203092655156, 0.8784171056450805, 0.883550860547653, 0.8886250597009416, 0.8936517072442636, 0.8234643244758915, 0.8914480804410114, 0.884667786777879, 0.8259417149331134, 0.8756456221941737, 0.9383052422999858, 0.91030385947128, 0.8345271774608967, 0.8413783074070981, 0.854326902202536, 0.8756083989819884, 0.8551216851905721, 0.8802612856136325, 0.9134452319040478, 0.9029526249372475, 0.8866173491671859, 0.8409845909883437, 0.9122998973529353, 0.8448040703921996, 0.9127413848016132], [0.8434747380618587, 0.8716040534260804, 0.8718084359810906, 0.886978229447046, 0.8735446803796433, 0.9092549291611356, 0.8439298514595955, 0.8858165586020219, 0.8232436416691562, 0.8373299325565813, 0.9104510930261229, 0.8418001306522663, 0.9371237683318172, 1.0, 0.9202610198771027, 0.8362868996163192, 0.8806520662185651, 0.8781236891356764, 0.8419484702299089, 0.880736487258787, 0.8367554774088071, 0.9169722579634592, 0.8757603783553617, 0.9076080628837402, 0.8099343935301617, 0.9057069335564043, 0.9152538811991595, 0.8427071806975611, 0.8799452837097698, 0.8316257278643305, 0.8748832346318384, 0.9001204479741685, 0.8265040579434154, 0.9739515108141513, 0.8173536235237041, 0.9259898331075948, 0.8755021352265319, 0.9225045352039123, 0.8240823195232807, 0.8306663930730426], [0.9342610926328384, 0.9088476709902659, 0.9200364400467789, 0.917139547598661, 0.9470208766843957, 0.9255784836084129, 0.8628296333614404, 0.9113556671400467, 0.8780432596994546, 0.8693134734379114, 0.8955472741874935, 0.8375991884661405, 0.890746208071835, 0.9202610198771027, 1.0, 0.8756127974988591, 0.8726591879829131, 0.9359013370599558, 0.8600954848949837, 0.9383657456711174, 0.8695091090162868, 0.8738129696422512, 0.9205215960912915, 0.8952152470970399, 0.8517661226290282, 0.8544850779294939, 0.9087302168228123, 0.8578118186582201, 0.894727677141545, 0.8345125338319509, 0.8668069001471693, 0.8638863933184788, 0.8684240128683196, 0.9532749511268097, 0.8800416627080953, 0.8610860782428336, 0.8602794604136742, 0.9163637111576823, 0.8974879834318427, 0.8756765665197986], [0.933031958761511, 0.863509722399163, 0.866183480211195, 0.9373283589063924, 0.8376099546562424, 0.8234278428573683, 0.9207714332073479, 0.8403112036981237, 0.8927739365712637, 0.9168511259548573, 0.8273814316526805, 0.9068921290856353, 0.8870203092655156, 0.8362868996163192, 0.8756127974988591, 1.0, 0.9475294238459168, 0.8494077229139732, 0.9706923421299928, 0.8222863081499847, 0.8020717590198065, 0.8043377793947047, 0.9231623853649862, 0.8322165276088191, 0.8563425506236197, 0.8853564812094813, 0.8757169801714463, 0.8454595752885578, 0.831383205074302, 0.8882236835669016, 0.9099180570263955, 0.8716365169968271, 0.8684395738251226, 0.8566248961358024, 0.90583824095175, 0.8986894411600123, 0.8961418885062948, 0.8449915904152407, 0.9490067735521855, 0.8956829802181745], [0.9362850251874066, 0.8167211570094925, 0.8747579849856485, 0.8890652079946552, 0.825830404127636, 0.8280702465562123, 0.9118790723730109, 0.8344035312892378, 0.8581232895027354, 0.9249695583026458, 0.8467513118128205, 0.8820056666547529, 0.8784171056450805, 0.8806520662185651, 0.8726591879829131, 0.9475294238459168, 1.0, 0.8196382003570826, 0.9423929849069509, 0.8304530842499304, 0.7942692567859013, 0.7767361929701606, 0.8975095996948834, 0.8779641912006156, 0.8573567404686571, 0.8884335403728391, 0.9374707484584445, 0.839033597862111, 0.8686912515411382, 0.8778169816193767, 0.9021824503157727, 0.8833870042858706, 0.8484286639089615, 0.8977835187243308, 0.881796809280782, 0.8852623529926995, 0.9152683835348723, 0.8108378437317982, 0.9109133799519894, 0.8914049303580079], [0.887737536840809, 0.9232755854028244, 0.9130774474846775, 0.9021595223478264, 0.8863542448940641, 0.9129202679552096, 0.8451161019761729, 0.870962940791927, 0.829439661758967, 0.8714301311401684, 0.8329801899076293, 0.8435627402086892, 0.883550860547653, 0.8781236891356764, 0.9359013370599558, 0.8494077229139732, 0.8196382003570826, 1.0, 0.8542946520502915, 0.9077661046244926, 0.9121455606127765, 0.89161998832832, 0.8693839839641337, 0.8731421202545675, 0.8900524662038372, 0.8761189935133812, 0.8514830745593477, 0.8952321418290099, 0.9257338369185804, 0.9019995780203309, 0.8540682842314896, 0.8817310647720957, 0.8442721713990563, 0.8883660655150789, 0.8536496653630713, 0.8421500298660818, 0.8336809091685456, 0.939083856781783, 0.8914216725675672, 0.8694326891363122], [0.9548358194060792, 0.8677453989762397, 0.8735124755207837, 0.944219091785711, 0.8356714580742283, 0.8283638059306738, 0.9257382784324686, 0.8329687696075017, 0.8734807008640895, 0.9288398347543115, 0.8245859384096215, 0.8779332464185413, 0.8886250597009416, 0.8419484702299089, 0.8600954848949837, 0.9706923421299928, 0.9423929849069509, 0.8542946520502915, 1.0, 0.8470155847811466, 0.8187961831131987, 0.7886427824391695, 0.9105969290754424, 0.8579874318687355, 0.8525751338411323, 0.9378440831135979, 0.8844182761831849, 0.905292283569452, 0.8894116572859134, 0.9102878823309123, 0.9622710666956997, 0.9039438131698141, 0.8316175170687046, 0.8435020889759004, 0.902739860361861, 0.9290463797092706, 0.8812027028044049, 0.8563541996132998, 0.9610079967842546, 0.9080715943036145], [0.8952678732317698, 0.9460859575603306, 0.9550641140129075, 0.8906746615981599, 0.950781864517214, 0.9220138977124683, 0.8473560361865086, 0.9294680466957126, 0.9134260575049987, 0.8307100874689998, 0.9075157000645796, 0.8154356073504584, 0.8936517072442636, 0.880736487258787, 0.9383657456711174, 0.8222863081499847, 0.8304530842499304, 0.9077661046244926, 0.8470155847811466, 1.0, 0.9003001510148626, 0.8690264270680548, 0.8869169571570249, 0.8578656014470585, 0.8865228483687497, 0.8794366489061498, 0.9401427536081012, 0.8745088895354254, 0.9229127447714373, 0.842394585523423, 0.8838450566457204, 0.8560022373536512, 0.8387340462481825, 0.8901363065518538, 0.9398490055832474, 0.8305448293242532, 0.8319829430972178, 0.8925552166709876, 0.8746417154552095, 0.9002451366811872], [0.8485785788385245, 0.9482794067061068, 0.9010962797828582, 0.8308863536100101, 0.9036941931659581, 0.9728884964620186, 0.8539437246379254, 0.8386529736953315, 0.8801865002712542, 0.8416514518178648, 0.9089467546950116, 0.9149547446221629, 0.8234643244758915, 0.8367554774088071, 0.8695091090162868, 0.8020717590198065, 0.7942692567859013, 0.9121455606127765, 0.8187961831131987, 0.9003001510148626, 1.0, 0.9143789681149554, 0.8211218261043859, 0.8898629253685152, 0.9273556535026255, 0.8055621381775848, 0.8454899070867747, 0.9105174169975404, 0.9388406229578894, 0.928662248227902, 0.8425104988785592, 0.9377201087318725, 0.8354291028148666, 0.8259462174932671, 0.8417301499796058, 0.8467031530524289, 0.8708940177453194, 0.8317847477035964, 0.8354611090964521, 0.8841209512086338], [0.775010119958026, 0.9073910551384231, 0.8837070087440821, 0.8778788149621174, 0.8764988947800713, 0.9295663299629238, 0.833829227524047, 0.8809582614558724, 0.8705454018863961, 0.8047269135826298, 0.9016887988464444, 0.911032421778694, 0.8914480804410114, 0.9169722579634592, 0.8738129696422512, 0.8043377793947047, 0.7767361929701606, 0.89161998832832, 0.7886427824391695, 0.8690264270680548, 0.9143789681149554, 1.0, 0.8546114823485094, 0.8756161035402951, 0.8366722528423924, 0.8603064400998456, 0.8192079751668438, 0.8853092313239118, 0.8505258423686923, 0.8320447804975357, 0.8164011495747704, 0.8824789115400445, 0.8772500353276288, 0.9076823417468571, 0.8332479067182381, 0.8933922376415016, 0.8834931141070629, 0.9117279912790057, 0.81250670384834, 0.8493528852497566], [0.9268275127686944, 0.8609532586778132, 0.9229488359740765, 0.9209005058881771, 0.8759063635527357, 0.8554025997864644, 0.8485411816511206, 0.8837848144831422, 0.8881490336504366, 0.9407959456146913, 0.8426216334829588, 0.8399092259492652, 0.884667786777879, 0.8757603783553617, 0.9205215960912915, 0.9231623853649862, 0.8975095996948834, 0.8693839839641337, 0.9105969290754424, 0.8869169571570249, 0.8211218261043859, 0.8546114823485094, 1.0, 0.9028928603931916, 0.8253513817305802, 0.8877327977388014, 0.8644950691734564, 0.8571322404665499, 0.8686583479809968, 0.8249361865350586, 0.8913642101442514, 0.8376154127733666, 0.9194690646588382, 0.9270881463876791, 0.8951280278630465, 0.9086797856457383, 0.8407639817852169, 0.9158145052532284, 0.9462570382084495, 0.9130802843187579], [0.9039194355367478, 0.847866035654324, 0.8503333639867213, 0.843673893782686, 0.8837497063410564, 0.912398753953741, 0.849658241283376, 0.8237084611037085, 0.8571594433994446, 0.924539462554139, 0.8713306188063192, 0.8444063135086594, 0.8259417149331134, 0.9076080628837402, 0.8952152470970399, 0.8322165276088191, 0.8779641912006156, 0.8731421202545675, 0.8579874318687355, 0.8578656014470585, 0.8898629253685152, 0.8756161035402951, 0.9028928603931916, 1.0, 0.8558327968237321, 0.8654580257764599, 0.8564091020806314, 0.8946197543760924, 0.930560599257181, 0.8897453473747547, 0.9129211199395669, 0.9273519683963913, 0.8802736470266687, 0.9137019501406879, 0.7835274301488259, 0.9332981547531352, 0.8795320702241544, 0.8960206322737905, 0.8580790492909247, 0.852918334391097], [0.8744270611275308, 0.9236264524730634, 0.8847688257281501, 0.8006007911359462, 0.8888927161097364, 0.9214507905811039, 0.9108953856063304, 0.9004877272758702, 0.9251740173945385, 0.8822450465939725, 0.8650294042498263, 0.8988339003810901, 0.8756456221941737, 0.8099343935301617, 0.8517661226290282, 0.8563425506236197, 0.8573567404686571, 0.8900524662038372, 0.8525751338411323, 0.8865228483687497, 0.9273556535026255, 0.8366722528423924, 0.8253513817305802, 0.8558327968237321, 1.0, 0.825214483449743, 0.8859345869964964, 0.8312466376841862, 0.8907166423608182, 0.9549265648849408, 0.8537212410016676, 0.8918807044014473, 0.8968244566233454, 0.796884539392303, 0.8825002401736871, 0.8010846664533747, 0.8413282387562867, 0.8188207294418806, 0.8172902231544119, 0.9302779131187842], [0.884165322134078, 0.8598693799445728, 0.8896170961145585, 0.9404260815168307, 0.8278222716876644, 0.8253692849840437, 0.8904855132479532, 0.8847092475290375, 0.8506873128447892, 0.885984618034913, 0.8260922831090496, 0.8367556195458201, 0.9383052422999858, 0.9057069335564043, 0.8544850779294939, 0.8853564812094813, 0.8884335403728391, 0.8761189935133812, 0.9378440831135979, 0.8794366489061498, 0.8055621381775848, 0.8603064400998456, 0.8877327977388014, 0.8654580257764599, 0.825214483449743, 1.0, 0.8857053277715169, 0.9219243558536352, 0.8897086267607127, 0.8610441860591432, 0.9428429065520681, 0.876002740066784, 0.8384577553077588, 0.8899624138612392, 0.8947723062955356, 0.9300143833570188, 0.8585590581172922, 0.9300473248384215, 0.9059322183289855, 0.8939960036728409], [0.9018812170274229, 0.894584342770305, 0.9158932996059497, 0.87873219155487, 0.9041078963264894, 0.8881849094003457, 0.885548993404162, 0.894242059784669, 0.8918643668658459, 0.8432593035985787, 0.9093738075188641, 0.8441149811367684, 0.91030385947128, 0.9152538811991595, 0.9087302168228123, 0.8757169801714463, 0.9374707484584445, 0.8514830745593477, 0.8844182761831849, 0.9401427536081012, 0.8454899070867747, 0.8192079751668438, 0.8644950691734564, 0.8564091020806314, 0.8859345869964964, 0.8857053277715169, 1.0, 0.828866642280655, 0.8998454258327612, 0.8637901618531719, 0.8981570841620311, 0.8804976716407522, 0.8130555829392544, 0.9062001074933637, 0.9252801693614595, 0.8482503686068298, 0.8918225255048102, 0.8348601736289293, 0.8627329265218758, 0.8789260884552834], [0.893039658697061, 0.8723205352621826, 0.894615026920694, 0.9303896083517955, 0.8609918484256207, 0.8821641092472078, 0.887667648681386, 0.8173979103056989, 0.8480797481355464, 0.8710509835238882, 0.8347131241127318, 0.8880145450723417, 0.8345271774608967, 0.8427071806975611, 0.8578118186582201, 0.8454595752885578, 0.839033597862111, 0.8952321418290099, 0.905292283569452, 0.8745088895354254, 0.9105174169975404, 0.8853092313239118, 0.8571322404665499, 0.8946197543760924, 0.8312466376841862, 0.9219243558536352, 0.828866642280655, 1.0, 0.9304872591741564, 0.8783060694954338, 0.9121449349659426, 0.9109915693915558, 0.823678070165805, 0.8539173442752044, 0.8677481041894258, 0.9114335677180052, 0.9042265753013792, 0.869499441757473, 0.9223495190900647, 0.8853383574387241], [0.9225268392766628, 0.9226427853067235, 0.9240067667227905, 0.8666828208116286, 0.8699165857847487, 0.9224524447685304, 0.8329097245014808, 0.8262316885242615, 0.8351314351256189, 0.9110847550999661, 0.8958747872267357, 0.8445773396701001, 0.8413783074070981, 0.8799452837097698, 0.894727677141545, 0.831383205074302, 0.8686912515411382, 0.9257338369185804, 0.8894116572859134, 0.9229127447714373, 0.9388406229578894, 0.8505258423686923, 0.8686583479809968, 0.930560599257181, 0.8907166423608182, 0.8897086267607127, 0.8998454258327612, 0.9304872591741564, 1.0, 0.9340471553443079, 0.9158785218681617, 0.9522217186035608, 0.7961473038613791, 0.8705077080385313, 0.8486743103828784, 0.8891098824994581, 0.8475903312837981, 0.8850775983988566, 0.8996912892085985, 0.8891976106639279], [0.8956552598572927, 0.9218238494729285, 0.8507556232590276, 0.8349058229426601, 0.8419320747704986, 0.908165094440022, 0.8951435643854108, 0.8166860819601457, 0.8685726796377276, 0.9104261659098624, 0.8626491609910134, 0.9040468004068659, 0.854326902202536, 0.8316257278643305, 0.8345125338319509, 0.8882236835669016, 0.8778169816193767, 0.9019995780203309, 0.9102878823309123, 0.842394585523423, 0.928662248227902, 0.8320447804975357, 0.8249361865350586, 0.8897453473747547, 0.9549265648849408, 0.8610441860591432, 0.8637901618531719, 0.8783060694954338, 0.9340471553443079, 1.0, 0.9122425676977449, 0.9630742406088906, 0.8284103042300772, 0.7940081357167064, 0.8299855725509593, 0.8805243056105752, 0.8602658490139082, 0.8417117454536766, 0.8604117730457288, 0.8886945861546076], [0.9359511588079186, 0.8830724649412379, 0.8442440925158896, 0.9192017864912145, 0.884516792454334, 0.8611534939960889, 0.9075576214918082, 0.8337216668313665, 0.8927958078067187, 0.8963440710617756, 0.8497980957312189, 0.8355322547581275, 0.8756083989819884, 0.8748832346318384, 0.8668069001471693, 0.9099180570263955, 0.9021824503157727, 0.8540682842314896, 0.9622710666956997, 0.8838450566457204, 0.8425104988785592, 0.8164011495747704, 0.8913642101442514, 0.9129211199395669, 0.8537212410016676, 0.9428429065520681, 0.8981570841620311, 0.9121449349659426, 0.9158785218681617, 0.9122425676977449, 1.0, 0.9264619696911689, 0.8198102508432953, 0.8506003701696404, 0.8721849281018549, 0.9537269973970933, 0.8802707077681536, 0.8872070470408807, 0.9131822146331671, 0.8640693586986672], [0.8924883859486579, 0.9275385378777147, 0.8588924489872316, 0.8631957581391381, 0.856469489347951, 0.9363542653170677, 0.8743689564903261, 0.8072603038623537, 0.8562589965220572, 0.8925041771638349, 0.9311288441141983, 0.9174796640648345, 0.8551216851905721, 0.9001204479741685, 0.8638863933184788, 0.8716365169968271, 0.8833870042858706, 0.8817310647720957, 0.9039438131698141, 0.8560022373536512, 0.9377201087318725, 0.8824789115400445, 0.8376154127733666, 0.9273519683963913, 0.8918807044014473, 0.876002740066784, 0.8804976716407522, 0.9109915693915558, 0.9522217186035608, 0.9630742406088906, 0.9264619696911689, 1.0, 0.7983844844683298, 0.8560709636565227, 0.8120120910479873, 0.9402628358991694, 0.8967945640635263, 0.8586766658850689, 0.8640383362882195, 0.8649604723674601], [0.8564361093020733, 0.8311766517058262, 0.8729380200766381, 0.8396140328578912, 0.8780714829992183, 0.8654878014534518, 0.8988020122769613, 0.9278128126616898, 0.9300383241107775, 0.9029972646910744, 0.810961996412252, 0.8825595272502678, 0.8802612856136325, 0.8265040579434154, 0.8684240128683196, 0.8684395738251226, 0.8484286639089615, 0.8442721713990563, 0.8316175170687046, 0.8387340462481825, 0.8354291028148666, 0.8772500353276288, 0.9194690646588382, 0.8802736470266687, 0.8968244566233454, 0.8384577553077588, 0.8130555829392544, 0.823678070165805, 0.7961473038613791, 0.8284103042300772, 0.8198102508432953, 0.7983844844683298, 1.0, 0.8728170066706663, 0.8698285219707018, 0.8371740704250564, 0.8445054239899971, 0.8659177115789329, 0.8381155900792645, 0.9298934520482655], [0.8771361778779794, 0.8461655288936997, 0.9083969037872133, 0.9107634477408217, 0.8860371652916107, 0.8929262389363953, 0.8431070932226441, 0.8939388553334361, 0.8345827418354568, 0.8680666259430758, 0.8849216742801179, 0.8426246650421831, 0.9134452319040478, 0.9739515108141513, 0.9532749511268097, 0.8566248961358024, 0.8977835187243308, 0.8883660655150789, 0.8435020889759004, 0.8901363065518538, 0.8259462174932671, 0.9076823417468571, 0.9270881463876791, 0.9137019501406879, 0.796884539392303, 0.8899624138612392, 0.9062001074933637, 0.8539173442752044, 0.8705077080385313, 0.7940081357167064, 0.8506003701696404, 0.8560709636565227, 0.8728170066706663, 1.0, 0.8485784468811466, 0.9015815935728284, 0.8863006791442185, 0.9217695341710518, 0.8731217195100294, 0.8562872227104245], [0.8922266783300848, 0.9030490593336045, 0.9506830534880084, 0.9255796425458218, 0.8951409700561477, 0.8461565936376392, 0.9025209318676185, 0.9213524667064747, 0.939458235903662, 0.8433147943060968, 0.8540106031161085, 0.8743899487422427, 0.9029526249372475, 0.8173536235237041, 0.8800416627080953, 0.90583824095175, 0.881796809280782, 0.8536496653630713, 0.902739860361861, 0.9398490055832474, 0.8417301499796058, 0.8332479067182381, 0.8951280278630465, 0.7835274301488259, 0.8825002401736871, 0.8947723062955356, 0.9252801693614595, 0.8677481041894258, 0.8486743103828784, 0.8299855725509593, 0.8721849281018549, 0.8120120910479873, 0.8698285219707018, 0.8485784468811466, 1.0, 0.8153630819388197, 0.8720193679245704, 0.8354985141454032, 0.9174914551538998, 0.9355191454576132], [0.8836012275500214, 0.8648180106898528, 0.8353919183190139, 0.9196237029894989, 0.8487500771778336, 0.8788924250818227, 0.8772220162825362, 0.8198940211420578, 0.8537805837897143, 0.8945219270326902, 0.8746619849286354, 0.8772694209070687, 0.8866173491671859, 0.9259898331075948, 0.8610860782428336, 0.8986894411600123, 0.8852623529926995, 0.8421500298660818, 0.9290463797092706, 0.8305448293242532, 0.8467031530524289, 0.8933922376415016, 0.9086797856457383, 0.9332981547531352, 0.8010846664533747, 0.9300143833570188, 0.8482503686068298, 0.9114335677180052, 0.8891098824994581, 0.8805243056105752, 0.9537269973970933, 0.9402628358991694, 0.8371740704250564, 0.9015815935728284, 0.8153630819388197, 1.0, 0.8948879158491568, 0.9071262075528694, 0.8933806070794837, 0.8477665423287516], [0.8621842368299345, 0.8370487947182531, 0.8469504127783212, 0.9124985786270662, 0.8808103671253201, 0.8792442890583277, 0.9285941994776085, 0.8069108704963065, 0.8867153847353529, 0.8259756150048134, 0.857035403093658, 0.9400316495509888, 0.8409845909883437, 0.8755021352265319, 0.8602794604136742, 0.8961418885062948, 0.9152683835348723, 0.8336809091685456, 0.8812027028044049, 0.8319829430972178, 0.8708940177453194, 0.8834931141070629, 0.8407639817852169, 0.8795320702241544, 0.8413282387562867, 0.8585590581172922, 0.8918225255048102, 0.9042265753013792, 0.8475903312837981, 0.8602658490139082, 0.8802707077681536, 0.8967945640635263, 0.8445054239899971, 0.8863006791442185, 0.8720193679245704, 0.8948879158491568, 1.0, 0.7995714144365634, 0.876911238271831, 0.8340192605562298], [0.8607259113138599, 0.8933021246489035, 0.8863633185349273, 0.908641199020257, 0.8573605800647744, 0.8643243713215105, 0.8079130116904939, 0.8907701062967942, 0.8387368581444044, 0.8813016686331462, 0.8431791986312629, 0.7998195181535201, 0.9122998973529353, 0.9225045352039123, 0.9163637111576823, 0.8449915904152407, 0.8108378437317982, 0.939083856781783, 0.8563541996132998, 0.8925552166709876, 0.8317847477035964, 0.9117279912790057, 0.9158145052532284, 0.8960206322737905, 0.8188207294418806, 0.9300473248384215, 0.8348601736289293, 0.869499441757473, 0.8850775983988566, 0.8417117454536766, 0.8872070470408807, 0.8586766658850689, 0.8659177115789329, 0.9217695341710518, 0.8354985141454032, 0.9071262075528694, 0.7995714144365634, 1.0, 0.8756585876506167, 0.8533047131220445], [0.954302068616934, 0.8661085601742033, 0.9233667806902192, 0.963877472435748, 0.8438188936119968, 0.8251459937749778, 0.8682512752542866, 0.8178368362961295, 0.8563791832567877, 0.9265842101761278, 0.8144191503160307, 0.862662464762781, 0.8448040703921996, 0.8240823195232807, 0.8974879834318427, 0.9490067735521855, 0.9109133799519894, 0.8914216725675672, 0.9610079967842546, 0.8746417154552095, 0.8354611090964521, 0.81250670384834, 0.9462570382084495, 0.8580790492909247, 0.8172902231544119, 0.9059322183289855, 0.8627329265218758, 0.9223495190900647, 0.8996912892085985, 0.8604117730457288, 0.9131822146331671, 0.8640383362882195, 0.8381155900792645, 0.8731217195100294, 0.9174914551538998, 0.8933806070794837, 0.876911238271831, 0.8756585876506167, 1.0, 0.9005067011691368], [0.9159301226818607, 0.9025574736696256, 0.9535538153648178, 0.874336120552678, 0.8644657644821211, 0.8885850886742919, 0.911772161966831, 0.9412808353949371, 0.9207585734691512, 0.9360144350054689, 0.8747802048139601, 0.9085604544298066, 0.9127413848016132, 0.8306663930730426, 0.8756765665197986, 0.8956829802181745, 0.8914049303580079, 0.8694326891363122, 0.9080715943036145, 0.9002451366811872, 0.8841209512086338, 0.8493528852497566, 0.9130802843187579, 0.852918334391097, 0.9