{"model": "elbp", "reduction_technique": "LDA", "latent_features": {"matrix_nxk": [[0.03643516597278166, 0.5627773849763874, 0.03643516597278166, 0.03643516597278166, 0.03643516597278166, 0.036435789323014375, 0.03643516597278166, 0.03643516597278166, 0.03643516597278166, 0.03643516597278166, 0.03643516597278166, 0.03643516597278166, 0.03643516597278166], [0.03643516597313889, 0.5627773712397126, 0.03643516597313889, 0.03643516597313889, 0.03643516597313889, 0.036435803055759566, 0.03643516597313889, 0.03643516597313889, 0.03643516597313889, 0.03643516597313889, 0.03643516597313889, 0.03643516597313889, 0.03643516597313889], [0.03643516597192398, 0.5627773748208996, 0.03643516597192398, 0.03643516597192398, 0.03643516597192398, 0.03643579948793674, 0.03643516597192398, 0.03643516597192398, 0.03643516597192398, 0.03643516597192398, 0.03643516597192398, 0.03643516597192398, 0.03643516597192398], [0.03643516597221825, 0.562777382262816, 0.03643516597221825, 0.03643516597221825, 0.03643516597221825, 0.036435792042783376, 0.03643516597221825, 0.03643516597221825, 0.03643516597221825, 0.03643516597221825, 0.03643516597221825, 0.03643516597221825, 0.03643516597221825], [0.0364351659718751, 0.5627773769221618, 0.0364351659718751, 0.0364351659718751, 0.0364351659718751, 0.03643579738721201, 0.0364351659718751, 0.0364351659718751, 0.0364351659718751, 0.0364351659718751, 0.0364351659718751, 0.0364351659718751, 0.0364351659718751], [0.03643516597237644, 0.5627773722378911, 0.03643516597237644, 0.03643516597237644, 0.03643516597237644, 0.036435802065968054, 0.03643516597237644, 0.03643516597237644, 0.03643516597237644, 0.03643516597237644, 0.03643516597237644, 0.03643516597237644, 0.03643516597237644], [0.036435165971995594, 0.5627773909158664, 0.036435165971995594, 0.036435165971995594, 0.036435165971995594, 0.03643578339218217, 0.036435165971995594, 0.036435165971995594, 0.036435165971995594, 0.036435165971995594, 0.036435165971995594, 0.036435165971995594, 0.036435165971995594], [0.03643516597282592, 0.5627773913208194, 0.03643516597282592, 0.03643516597282592, 0.03643516597282592, 0.036435782978095514, 0.03643516597282592, 0.03643516597282592, 0.03643516597282592, 0.03643516597282592, 0.03643516597282592, 0.03643516597282592, 0.03643516597282592], [0.036435165972716003, 0.5627774006025253, 0.036435165972716003, 0.036435165972716003, 0.036435165972716003, 0.03643577369759869, 0.036435165972716003, 0.036435165972716003, 0.036435165972716003, 0.036435165972716003, 0.036435165972716003, 0.036435165972716003, 0.036435165972716003], [0.036435166014934406, 0.5627762378135663, 0.036435166014934406, 0.036435166014934406, 0.036435166014934406, 0.03643693602215497, 0.036435166014934406, 0.036435166014934406, 0.036435166014934406, 0.036435166014934406, 0.036435166014934406, 0.036435166014934406, 0.036435166014934406], [0.03643516601264426, 0.5627764165163892, 0.03643516601264426, 0.03643516601264426, 0.03643516601264426, 0.036436757344523944, 0.03643516601264426, 0.03643516601264426, 0.03643516601264426, 0.03643516601264426, 0.03643516601264426, 0.03643516601264426, 0.03643516601264426], [0.03643516601738135, 0.5627765688306655, 0.03643516601738135, 0.03643516601738135, 0.03643516601738135, 0.03643660497813956, 0.03643516601738135, 0.03643516601738135, 0.03643516601738135, 0.03643516601738135, 0.03643516601738135, 0.03643516601738135, 0.03643516601738135], [0.0364351660062762, 0.5627762699472504, 0.0364351660062762, 0.0364351660062762, 0.0364351660062762, 0.0364369039837113, 0.0364351660062762, 0.0364351660062762, 0.0364351660062762, 0.0364351660062762, 0.0364351660062762, 0.0364351660062762, 0.0364351660062762], [0.03643516601147332, 0.5627766423776005, 0.03643516601147332, 0.03643516601147332, 0.03643516601147332, 0.03643653149619301, 0.03643516601147332, 0.03643516601147332, 0.03643516601147332, 0.03643516601147332, 0.03643516601147332, 0.03643516601147332, 0.03643516601147332], [0.03643516601208242, 0.5627766549803116, 0.03643516601208242, 0.03643516601208242, 0.03643516601208242, 0.03643651888678163, 0.03643516601208242, 0.03643516601208242, 0.03643516601208242, 0.03643516601208242, 0.03643516601208242, 0.03643516601208242, 0.03643516601208242], [0.0364351660191754, 0.5627768922396116, 0.0364351660191754, 0.0364351660191754, 0.0364351660191754, 0.036436281549459014, 0.0364351660191754, 0.0364351660191754, 0.0364351660191754, 0.0364351660191754, 0.0364351660191754, 0.0364351660191754, 0.0364351660191754], [0.03643516600624827, 0.5627764749372319, 0.03643516600624827, 0.03643516600624827, 0.03643516600624827, 0.03643669899403717, 0.03643516600624827, 0.03643516600624827, 0.03643516600624827, 0.03643516600624827, 0.03643516600624827, 0.03643516600624827, 0.03643516600624827], [0.03643516601345052, 0.5627770400607882, 0.03643516601345052, 0.03643516601345052, 0.03643516601345052, 0.036436133791256105, 0.03643516601345052, 0.03643516601345052, 0.03643516601345052, 0.03643516601345052, 0.03643516601345052, 0.03643516601345052, 0.03643516601345052], [0.03643516598664641, 0.5627774527171602, 0.03643516598664641, 0.03643516598664641, 0.03643516598664641, 0.03643572142972927, 0.03643516598664641, 0.03643516598664641, 0.03643516598664641, 0.03643516598664641, 0.03643516598664641, 0.03643516598664641, 0.03643516598664641], [0.03643516598560461, 0.5627773853429425, 0.03643516598560461, 0.03643516598560461, 0.03643516598560461, 0.03643578881540661, 0.03643516598560461, 0.03643516598560461, 0.03643516598560461, 0.03643516598560461, 0.03643516598560461, 0.03643516598560461, 0.03643516598560461], [0.03643516598465743, 0.5627773983654557, 0.03643516598465743, 0.03643516598465743, 0.03643516598465743, 0.03643577580331288, 0.03643516598465743, 0.03643516598465743, 0.03643516598465743, 0.03643516598465743, 0.03643516598465743, 0.03643516598465743, 0.03643516598465743], [0.03643516598634932, 0.5627774718821674, 0.03643516598634932, 0.03643516598634932, 0.03643516598634932, 0.03643570226798999, 0.03643516598634932, 0.03643516598634932, 0.03643516598634932, 0.03643516598634932, 0.03643516598634932, 0.03643516598634932, 0.03643516598634932], [0.03643516598548491, 0.5627774176951444, 0.03643516598548491, 0.03643516598548491, 0.03643516598548491, 0.0364357564645217, 0.03643516598548491, 0.03643516598548491, 0.03643516598548491, 0.03643516598548491, 0.03643516598548491, 0.03643516598548491, 0.03643516598548491], [0.03643516598432211, 0.5627774208003777, 0.03643516598432211, 0.03643516598432211, 0.03643516598432211, 0.03643575337207916, 0.03643516598432211, 0.03643516598432211, 0.03643516598432211, 0.03643516598432211, 0.03643516598432211, 0.03643516598432211, 0.03643516598432211], [0.03643516598481102, 0.562777424859053, 0.03643516598481102, 0.03643516598481102, 0.03643516598481102, 0.03643574930802562, 0.03643516598481102, 0.03643516598481102, 0.03643516598481102, 0.03643516598481102, 0.03643516598481102, 0.03643516598481102, 0.03643516598481102], [0.03643516599091337, 0.5627774866912894, 0.03643516599091337, 0.03643516599091337, 0.03643516599091337, 0.03643568740866377, 0.03643516599091337, 0.03643516599091337, 0.03643516599091337, 0.03643516599091337, 0.03643516599091337, 0.03643516599091337, 0.03643516599091337], [0.036435165986693246, 0.5627774322189251, 0.036435165986693246, 0.036435165986693246, 0.036435165986693246, 0.03643574192744928, 0.036435165986693246, 0.036435165986693246, 0.036435165986693246, 0.036435165986693246, 0.036435165986693246, 0.036435165986693246, 0.036435165986693246], [0.036435166001588006, 0.5627775764876546, 0.036435166001588006, 0.036435166001588006, 0.036435166001588006, 0.03643559749487749, 0.036435166001588006, 0.036435166001588006, 0.036435166001588006, 0.036435166001588006, 0.036435166001588006, 0.036435166001588006, 0.036435166001588006], [0.0364351659979009, 0.562777535157445, 0.0364351659979009, 0.0364351659979009, 0.0364351659979009, 0.03643563886564529, 0.0364351659979009, 0.0364351659979009, 0.0364351659979009, 0.0364351659979009, 0.0364351659979009, 0.0364351659979009, 0.0364351659979009], [0.0364351659987723, 0.5627775368509298, 0.0364351659987723, 0.0364351659987723, 0.0364351659987723, 0.03643563716257509, 0.0364351659987723, 0.0364351659987723, 0.0364351659987723, 0.0364351659987723, 0.0364351659987723, 0.0364351659987723, 0.0364351659987723], [0.03643516600387302, 0.5627775972253541, 0.03643516600387302, 0.03643516600387302, 0.03643516600387302, 0.03643557673204238, 0.03643516600387302, 0.03643516600387302, 0.03643516600387302, 0.03643516600387302, 0.03643516600387302, 0.03643516600387302, 0.03643516600387302], [0.0364351660010937, 0.5627775933814474, 0.0364351660010937, 0.0364351660010937, 0.0364351660010937, 0.03643558060652175, 0.0364351660010937, 0.0364351660010937, 0.0364351660010937, 0.0364351660010937, 0.0364351660010937, 0.0364351660010937, 0.0364351660010937], [0.03643516599531389, 0.5627775294950476, 0.03643516599531389, 0.03643516599531389, 0.03643516599531389, 0.036435644556499766, 0.03643516599531389, 0.03643516599531389, 0.03643516599531389, 0.03643516599531389, 0.03643516599531389, 0.03643516599531389, 0.03643516599531389], [0.03643516599734322, 0.562777557883432, 0.03643516599734322, 0.03643516599734322, 0.03643516599734322, 0.036435616145792465, 0.03643516599734322, 0.03643516599734322, 0.03643516599734322, 0.03643516599734322, 0.03643516599734322, 0.03643516599734322, 0.03643516599734322], [0.0364351660044464, 0.562777597455484, 0.0364351660044464, 0.0364351660044464, 0.0364351660044464, 0.03643557649560565, 0.0364351660044464, 0.0364351660044464, 0.0364351660044464, 0.0364351660044464, 0.0364351660044464, 0.0364351660044464, 0.0364351660044464], [0.03643516599747277, 0.5627775670433662, 0.03643516599747277, 0.03643516599747277, 0.03643516599747277, 0.03643560698443348, 0.03643516599747277, 0.03643516599747277, 0.03643516599747277, 0.03643516599747277, 0.03643516599747277, 0.03643516599747277, 0.03643516599747277], [0.03643516600403801, 0.5627775628100112, 0.03643516600403801, 0.03643516600403801, 0.03643516600403801, 0.0364356111455707, 0.03643516600403801, 0.03643516600403801, 0.03643516600403801, 0.03643516600403801, 0.03643516600403801, 0.03643516600403801, 0.03643516600403801], [0.036435165999847516, 0.562777537618326, 0.036435165999847516, 0.036435165999847516, 0.036435165999847516, 0.0364356363833512, 0.036435165999847516, 0.036435165999847516, 0.036435165999847516, 0.036435165999847516, 0.036435165999847516, 0.036435165999847516, 0.036435165999847516], [0.03643516599698615, 0.5627775042223976, 0.03643516599698615, 0.03643516599698615, 0.03643516599698615, 0.036435669810754856, 0.03643516599698615, 0.03643516599698615, 0.03643516599698615, 0.03643516599698615, 0.03643516599698615, 0.03643516599698615, 0.03643516599698615], [0.03643516600658516, 0.5627775895013892, 0.03643516600658516, 0.03643516600658516, 0.03643516600658516, 0.036435584426173874, 0.03643516600658516, 0.03643516600658516, 0.03643516600658516, 0.03643516600658516, 0.03643516600658516, 0.03643516600658516, 0.03643516600658516], [0.036435166004479366, 0.5627775406775708, 0.036435166004479366, 0.036435166004479366, 0.036435166004479366, 0.036435633273156465, 0.036435166004479366, 0.036435166004479366, 0.036435166004479366, 0.036435166004479366, 0.036435166004479366, 0.036435166004479366, 0.036435166004479366], [0.0364351659962287, 0.5627774918283636, 0.0364351659962287, 0.0364351659962287, 0.0364351659962287, 0.03643568221312071, 0.0364351659962287, 0.0364351659962287, 0.0364351659962287, 0.0364351659962287, 0.0364351659962287, 0.0364351659962287, 0.0364351659962287], [0.03643516599828827, 0.5627775467416146, 0.03643516599828827, 0.03643516599828827, 0.03643516599828827, 0.03643562727721451, 0.03643516599828827, 0.03643516599828827, 0.03643516599828827, 0.03643516599828827, 0.03643516599828827, 0.03643516599828827, 0.03643516599828827], [0.03643516601499424, 0.5627775954446582, 0.03643516601499424, 0.03643516601499424, 0.03643516601499424, 0.03643557839040534, 0.03643516601499424, 0.03643516601499424, 0.03643516601499424, 0.03643516601499424, 0.03643516601499424, 0.03643516601499424, 0.03643516601499424], [0.03643516599954163, 0.5627775165692018, 0.03643516599954163, 0.03643516599954163, 0.03643516599954163, 0.036435657435840325, 0.03643516599954163, 0.03643516599954163, 0.03643516599954163, 0.03643516599954163, 0.03643516599954163, 0.03643516599954163, 0.03643516599954163], [0.03643516598467047, 0.5627773470868749, 0.03643516598467047, 0.03643516598467047, 0.03643516598467047, 0.03643582708175001, 0.03643516598467047, 0.03643516598467047, 0.03643516598467047, 0.03643516598467047, 0.03643516598467047, 0.03643516598467047, 0.03643516598467047], [0.036435165982423356, 0.5627771003268932, 0.036435165982423356, 0.036435165982423356, 0.036435165982423356, 0.03643607386644996, 0.036435165982423356, 0.036435165982423356, 0.036435165982423356, 0.036435165982423356, 0.036435165982423356, 0.036435165982423356, 0.036435165982423356], [0.036435165982998015, 0.562777248235809, 0.036435165982998015, 0.036435165982998015, 0.036435165982998015, 0.03643592595121277, 0.036435165982998015, 0.036435165982998015, 0.036435165982998015, 0.036435165982998015, 0.036435165982998015, 0.036435165982998015, 0.036435165982998015], [0.03643516598409984, 0.5627773255613621, 0.03643516598409984, 0.03643516598409984, 0.03643516598409984, 0.03643584861353964, 0.03643516598409984, 0.03643516598409984, 0.03643516598409984, 0.03643516598409984, 0.03643516598409984, 0.03643516598409984, 0.03643516598409984], [0.03643516598584298, 0.5627774246146371, 0.03643516598584298, 0.03643516598584298, 0.03643516598584298, 0.036435749541090204, 0.03643516598584298, 0.03643516598584298, 0.03643516598584298, 0.03643516598584298, 0.03643516598584298, 0.03643516598584298, 0.03643516598584298], [0.036435165982823196, 0.5627773049223996, 0.036435165982823196, 0.036435165982823196, 0.036435165982823196, 0.036435869266545094, 0.036435165982823196, 0.036435165982823196, 0.036435165982823196, 0.036435165982823196, 0.036435165982823196, 0.036435165982823196, 0.036435165982823196], [0.03643516598435042, 0.5627774014442033, 0.03643516598435042, 0.03643516598435042, 0.03643516598435042, 0.03643577272794199, 0.03643516598435042, 0.03643516598435042, 0.03643516598435042, 0.03643516598435042, 0.03643516598435042, 0.03643516598435042, 0.03643516598435042], [0.0364351659870974, 0.5627773856146169, 0.0364351659870974, 0.0364351659870974, 0.0364351659870974, 0.03643578852731177, 0.0364351659870974, 0.0364351659870974, 0.0364351659870974, 0.0364351659870974, 0.0364351659870974, 0.0364351659870974, 0.0364351659870974], [0.03643516598575132, 0.5627774351270932, 0.03643516598575132, 0.03643516598575132, 0.03643516598575132, 0.036435739029642006, 0.03643516598575132, 0.03643516598575132, 0.03643516598575132, 0.03643516598575132, 0.03643516598575132, 0.03643516598575132, 0.03643516598575132], [0.03643516598698325, 0.5627774471838868, 0.03643516598698325, 0.03643516598698325, 0.03643516598698325, 0.03643572695929751, 0.03643516598698325, 0.03643516598698325, 0.03643516598698325, 0.03643516598698325, 0.03643516598698325, 0.03643516598698325, 0.03643516598698325], [0.03643516598698325, 0.5627774471838868, 0.03643516598698325, 0.03643516598698325, 0.03643516598698325, 0.03643572695929751, 0.03643516598698325, 0.03643516598698325, 0.03643516598698325, 0.03643516598698325, 0.03643516598698325, 0.03643516598698325, 0.03643516598698325], [0.03643516598698325, 0.5627774471838868, 0.03643516598698325, 0.03643516598698325, 0.03643516598698325, 0.03643572695929751, 0.03643516598698325, 0.03643516598698325, 0.03643516598698325, 0.03643516598698325, 0.03643516598698325, 0.03643516598698325, 0.03643516598698325], [0.03643516598698325, 0.5627774471838868, 0.03643516598698325, 0.03643516598698325, 0.03643516598698325, 0.03643572695929751, 0.03643516598698325, 0.03643516598698325, 0.03643516598698325, 0.03643516598698325, 0.03643516598698325, 0.03643516598698325, 0.03643516598698325], [0.03643516598698325, 0.5627774471838868, 0.03643516598698325, 0.03643516598698325, 0.03643516598698325, 0.03643572695929751, 0.03643516598698325, 0.03643516598698325, 0.03643516598698325, 0.03643516598698325, 0.03643516598698325, 0.03643516598698325, 0.03643516598698325], [0.03643516598698325, 0.5627774471838868, 0.03643516598698325, 0.03643516598698325, 0.03643516598698325, 0.03643572695929751, 0.03643516598698325, 0.03643516598698325, 0.03643516598698325, 0.03643516598698325, 0.03643516598698325, 0.03643516598698325, 0.03643516598698325], [0.03643516598698325, 0.5627774471838868, 0.03643516598698325, 0.03643516598698325, 0.03643516598698325, 0.03643572695929751, 0.03643516598698325, 0.03643516598698325, 0.03643516598698325, 0.03643516598698325, 0.03643516598698325, 0.03643516598698325, 0.03643516598698325], [0.03643516598698325, 0.5627774471838868, 0.03643516598698325, 0.03643516598698325, 0.03643516598698325, 0.03643572695929751, 0.03643516598698325, 0.03643516598698325, 0.03643516598698325, 0.03643516598698325, 0.03643516598698325, 0.03643516598698325, 0.03643516598698325], [0.03643516598698325, 0.5627774471838868, 0.03643516598698325, 0.03643516598698325, 0.03643516598698325, 0.03643572695929751, 0.03643516598698325, 0.03643516598698325, 0.03643516598698325, 0.03643516598698325, 0.03643516598698325, 0.03643516598698325, 0.03643516598698325], [0.036435166004173375, 0.5627776163255254, 0.036435166004173375, 0.036435166004173375, 0.036435166004173375, 0.036435557628567476, 0.036435166004173375, 0.036435166004173375, 0.036435166004173375, 0.036435166004173375, 0.036435166004173375, 0.036435166004173375, 0.036435166004173375], [0.03643516600144087, 0.5627775782046149, 0.03643516600144087, 0.03643516600144087, 0.03643516600144087, 0.03643559577953557, 0.03643516600144087, 0.03643516600144087, 0.03643516600144087, 0.03643516600144087, 0.03643516600144087, 0.03643516600144087, 0.03643516600144087], [0.036435166000062996, 0.5627775815399699, 0.036435166000062996, 0.036435166000062996, 0.036435166000062996, 0.03643559245933691, 0.036435166000062996, 0.036435166000062996, 0.036435166000062996, 0.036435166000062996, 0.036435166000062996, 0.036435166000062996, 0.036435166000062996], [0.036435166005282946, 0.5627776240421231, 0.036435166005282946, 0.036435166005282946, 0.036435166005282946, 0.03643554989976467, 0.036435166005282946, 0.036435166005282946, 0.036435166005282946, 0.036435166005282946, 0.036435166005282946, 0.036435166005282946, 0.036435166005282946], [0.03643516600304795, 0.5627776221323446, 0.03643516600304795, 0.03643516600304795, 0.03643516600304795, 0.0364355518341278, 0.03643516600304795, 0.03643516600304795, 0.03643516600304795, 0.03643516600304795, 0.03643516600304795, 0.03643516600304795, 0.03643516600304795], [0.03643516599888616, 0.5627775591631199, 0.03643516599888616, 0.03643516599888616, 0.03643516599888616, 0.036435614849132346, 0.03643516599888616, 0.03643516599888616, 0.03643516599888616, 0.03643516599888616, 0.03643516599888616, 0.03643516599888616, 0.03643516599888616], [0.036435166000343445, 0.5627776029819976, 0.036435166000343445, 0.036435166000343445, 0.036435166000343445, 0.036435571014224406, 0.036435166000343445, 0.036435166000343445, 0.036435166000343445, 0.036435166000343445, 0.036435166000343445, 0.036435166000343445, 0.036435166000343445], [0.036435166007232934, 0.5627776470131336, 0.036435166007232934, 0.036435166007232934, 0.036435166007232934, 0.036435526907303985, 0.036435166007232934, 0.036435166007232934, 0.036435166007232934, 0.036435166007232934, 0.036435166007232934, 0.036435166007232934, 0.036435166007232934], [0.03643516599918174, 0.5627776102254551, 0.03643516599918174, 0.03643516599918174, 0.03643516599918174, 0.036435563783546, 0.03643516599918174, 0.03643516599918174, 0.03643516599918174, 0.03643516599918174, 0.03643516599918174, 0.03643516599918174, 0.03643516599918174], [0.036435166007260475, 0.562777283245287, 0.036435166007260475, 0.036435166007260475, 0.036435166007260475, 0.0364358906748476, 0.036435166007260475, 0.036435166007260475, 0.036435166007260475, 0.036435166007260475, 0.036435166007260475, 0.036435166007260475, 0.036435166007260475], [0.036435166008575694, 0.5627767083676094, 0.036435166008575694, 0.036435166008575694, 0.036435166008575694, 0.03643646553805803, 0.036435166008575694, 0.036435166008575694, 0.036435166008575694, 0.036435166008575694, 0.036435166008575694, 0.036435166008575694, 0.036435166008575694], [0.036435166007298424, 0.562775796370468, 0.036435166007298424, 0.036435166007298424, 0.036435166007298424, 0.03643737754924947, 0.036435166007298424, 0.036435166007298424, 0.036435166007298424, 0.036435166007298424, 0.036435166007298424, 0.036435166007298424, 0.036435166007298424], [0.036435166014121084, 0.5627769233845812, 0.036435166014121084, 0.036435166014121084, 0.036435166014121084, 0.03643625046008675, 0.036435166014121084, 0.036435166014121084, 0.036435166014121084, 0.036435166014121084, 0.036435166014121084, 0.036435166014121084, 0.036435166014121084], [0.03643516601273626, 0.56277732743776, 0.03643516601273626, 0.03643516601273626, 0.03643516601273626, 0.0364358464221409, 0.03643516601273626, 0.03643516601273626, 0.03643516601273626, 0.03643516601273626, 0.03643516601273626, 0.03643516601273626, 0.03643516601273626], [0.03643516601011005, 0.5627768533102463, 0.03643516601011005, 0.03643516601011005, 0.03643516601011005, 0.0364363205785433, 0.03643516601011005, 0.03643516601011005, 0.03643516601011005, 0.03643516601011005, 0.03643516601011005, 0.03643516601011005, 0.03643516601011005], [0.03643516601051977, 0.56277738500533, 0.03643516601051977, 0.03643516601051977, 0.03643516601051977, 0.036435788878952526, 0.03643516601051977, 0.03643516601051977, 0.03643516601051977, 0.03643516601051977, 0.03643516601051977, 0.03643516601051977, 0.03643516601051977], [0.03643516601471247, 0.5627773827419581, 0.03643516601471247, 0.03643516601471247, 0.03643516601471247, 0.03643579109620489, 0.03643516601471247, 0.03643516601471247, 0.03643516601471247, 0.03643516601471247, 0.03643516601471247, 0.03643516601471247, 0.03643516601471247], [0.03643516601159044, 0.5627774544906824, 0.03643516601159044, 0.03643516601159044, 0.03643516601159044, 0.03643571938182296, 0.03643516601159044, 0.03643516601159044, 0.03643516601159044, 0.03643516601159044, 0.03643516601159044, 0.03643516601159044, 0.03643516601159044], [0.036435166004173375, 0.5627776163255254, 0.036435166004173375, 0.036435166004173375, 0.036435166004173375, 0.036435557628567476, 0.036435166004173375, 0.036435166004173375, 0.036435166004173375, 0.036435166004173375, 0.036435166004173375, 0.036435166004173375, 0.036435166004173375], [0.03643516600144087, 0.5627775782046149, 0.03643516600144087, 0.03643516600144087, 0.03643516600144087, 0.03643559577953557, 0.03643516600144087, 0.03643516600144087, 0.03643516600144087, 0.03643516600144087, 0.03643516600144087, 0.03643516600144087, 0.03643516600144087], [0.036435166000062996, 0.5627775815399699, 0.036435166000062996, 0.036435166000062996, 0.036435166000062996, 0.03643559245933691, 0.036435166000062996, 0.036435166000062996, 0.036435166000062996, 0.036435166000062996, 0.036435166000062996, 0.036435166000062996, 0.036435166000062996], [0.036435166005282946, 0.5627776240421231, 0.036435166005282946, 0.036435166005282946, 0.036435166005282946, 0.03643554989976467, 0.036435166005282946, 0.036435166005282946, 0.036435166005282946, 0.036435166005282946, 0.036435166005282946, 0.036435166005282946, 0.036435166005282946], [0.03643516600304795, 0.5627776221323446, 0.03643516600304795, 0.03643516600304795, 0.03643516600304795, 0.0364355518341278, 0.03643516600304795, 0.03643516600304795, 0.03643516600304795, 0.03643516600304795, 0.03643516600304795, 0.03643516600304795, 0.03643516600304795], [0.03643516599888616, 0.5627775591631199, 0.03643516599888616, 0.03643516599888616, 0.03643516599888616, 0.036435614849132346, 0.03643516599888616, 0.03643516599888616, 0.03643516599888616, 0.03643516599888616, 0.03643516599888616, 0.03643516599888616, 0.03643516599888616], [0.036435166000343445, 0.5627776029819976, 0.036435166000343445, 0.036435166000343445, 0.036435166000343445, 0.036435571014224406, 0.036435166000343445, 0.036435166000343445, 0.036435166000343445, 0.036435166000343445, 0.036435166000343445, 0.036435166000343445, 0.036435166000343445], [0.036435166007232934, 0.5627776470131336, 0.036435166007232934, 0.036435166007232934, 0.036435166007232934, 0.036435526907303985, 0.036435166007232934, 0.036435166007232934, 0.036435166007232934, 0.036435166007232934, 0.036435166007232934, 0.036435166007232934, 0.036435166007232934], [0.03643516599918174, 0.5627776102254551, 0.03643516599918174, 0.03643516599918174, 0.03643516599918174, 0.036435563783546, 0.03643516599918174, 0.03643516599918174, 0.03643516599918174, 0.03643516599918174, 0.03643516599918174, 0.03643516599918174, 0.03643516599918174], [0.0364351660393964, 0.5627775246384948, 0.0364351660393964, 0.0364351660393964, 0.0364351660393964, 0.03643564892814482, 0.0364351660393964, 0.0364351660393964, 0.0364351660393964, 0.0364351660393964, 0.0364351660393964, 0.0364351660393964, 0.0364351660393964], [0.03643516603821813, 0.5627776171874873, 0.03643516603821813, 0.03643516603821813, 0.03643516603821813, 0.03643555639211346, 0.03643516603821813, 0.03643516603821813, 0.03643516603821813, 0.03643516603821813, 0.03643516603821813, 0.03643516603821813, 0.03643516603821813], [0.03643516603958371, 0.5627775287962739, 0.03643516603958371, 0.03643516603958371, 0.03643516603958371, 0.03643564476830542, 0.03643516603958371, 0.03643516603958371, 0.03643516603958371, 0.03643516603958371, 0.03643516603958371, 0.03643516603958371, 0.03643516603958371], [0.0364351660387911, 0.5627777423541779, 0.0364351660387911, 0.0364351660387911, 0.0364351660387911, 0.03643543121912004, 0.0364351660387911, 0.0364351660387911, 0.0364351660387911, 0.0364351660387911, 0.0364351660387911, 0.0364351660387911, 0.0364351660387911], [0.03643516602464461, 0.5627775711116845, 0.03643516602464461, 0.03643516602464461, 0.03643516602464461, 0.036435602617224755, 0.03643516602464461, 0.03643516602464461, 0.03643516602464461, 0.03643516602464461, 0.03643516602464461, 0.03643516602464461, 0.03643516602464461], [0.03643516603144313, 0.562777490560895, 0.03643516603144313, 0.03643516603144313, 0.03643516603144313, 0.03643568309323066, 0.03643516603144313, 0.03643516603144313, 0.03643516603144313, 0.03643516603144313, 0.03643516603144313, 0.03643516603144313, 0.03643516603144313], [0.03643516603377052, 0.5627774829888618, 0.03643516603377052, 0.03643516603377052, 0.03643516603377052, 0.036435690639662566, 0.03643516603377052, 0.03643516603377052, 0.03643516603377052, 0.03643516603377052, 0.03643516603377052, 0.03643516603377052, 0.03643516603377052], [0.036435166034647186, 0.5627776362274844, 0.036435166034647186, 0.036435166034647186, 0.036435166034647186, 0.0364355373913963, 0.036435166034647186, 0.036435166034647186, 0.036435166034647186, 0.036435166034647186, 0.036435166034647186, 0.036435166034647186, 0.036435166034647186], [0.03643516602779952, 0.5627774595057572, 0.03643516602779952, 0.03643516602779952, 0.03643516602779952, 0.03643571418844811, 0.03643516602779952, 0.03643516602779952, 0.03643516602779952, 0.03643516602779952, 0.03643516602779952, 0.03643516602779952, 0.03643516602779952], [0.03643516600607437, 0.5627767231849012, 0.03643516600607437, 0.03643516600607437, 0.03643516600607437, 0.036436450748280655, 0.03643516600607437, 0.03643516600607437, 0.03643516600607437, 0.03643516600607437, 0.03643516600607437, 0.03643516600607437, 0.03643516600607437], [0.036435165988828074, 0.5627764764326898, 0.036435165988828074, 0.036435165988828074, 0.036435165988828074, 0.03643669769020149, 0.036435165988828074, 0.036435165988828074, 0.036435165988828074, 0.036435165988828074, 0.036435165988828074, 0.036435165988828074, 0.036435165988828074], [0.03643516600100052, 0.5627766673563546, 0.03643516600100052, 0.03643516600100052, 0.03643516600100052, 0.0364365066326395, 0.03643516600100052, 0.03643516600100052, 0.03643516600100052, 0.03643516600100052, 0.03643516600100052, 0.03643516600100052, 0.03643516600100052], [0.036435165983876396, 0.5627747024037683, 0.036435165983876396, 0.036435165983876396, 0.036435165983876396, 0.03643847177359162, 0.036435165983876396, 0.036435165983876396, 0.036435165983876396, 0.036435165983876396, 0.036435165983876396, 0.036435165983876396, 0.036435165983876396], [0.03643516598101744, 0.5627764150019943, 0.03643516598101744, 0.03643516598101744, 0.03643516598101744, 0.03643675920681407, 0.03643516598101744, 0.03643516598101744, 0.03643516598101744, 0.03643516598101744, 0.03643516598101744, 0.03643516598101744, 0.03643516598101744], [0.036435166008114334, 0.5627765346359966, 0.036435166008114334, 0.036435166008114334, 0.036435166008114334, 0.036436639274745566, 0.036435166008114334, 0.036435166008114334, 0.036435166008114334, 0.036435166008114334, 0.036435166008114334, 0.036435166008114334, 0.036435166008114334], [0.03643516598157455, 0.5627767891550371, 0.03643516598157455, 0.03643516598157455, 0.03643516598157455, 0.03643638504764303, 0.03643516598157455, 0.03643516598157455, 0.03643516598157455, 0.03643516598157455, 0.03643516598157455, 0.03643516598157455, 0.03643516598157455], [0.036435165980539516, 0.5627736240047799, 0.036435165980539516, 0.036435165980539516, 0.036435165980539516, 0.036439550209285444, 0.036435165980539516, 0.036435165980539516, 0.036435165980539516, 0.036435165980539516, 0.036435165980539516, 0.036435165980539516, 0.036435165980539516], [0.036435165979870045, 0.5627754879162961, 0.036435165979870045, 0.036435165979870045, 0.036435165979870045, 0.0364376863051335, 0.036435165979870045, 0.036435165979870045, 0.036435165979870045, 0.036435165979870045, 0.036435165979870045, 0.036435165979870045, 0.036435165979870045]], "matrix_nxm": [[0.0017089843749582769, 0.022216796874457597, 0.0058593749998569495, 0.0031738281249225142, 0.0, 0.0, 0.0, 0.0, 0.0, 0.0, 0.0, 0.0009765624999761582, 0.0014648437499642374, 0.002197265624946356, 0.0007324218749821187, 0.007568359374815226, 0.0007324218749821187, 0.002197265624946356, 0.0, 0.0034179687499165537, 0.0009765624999761582, 0.002197265624946356, 0.00537109374986887, 0.023437499999427798, 0.02685546874934435, 0.888916015603298], [0.002197265624946356, 0.012939453124684096, 0.004882812499880791, 0.002685546874934435, 0.0009765624999761582, 0.0007324218749821187, 0.0004882812499880791, 0.0014648437499642374, 0.0024414062499403953, 0.0024414062499403953, 0.0029296874999284747, 0.002685546874934435, 0.0004882812499880791, 0.004882812499880791, 0.0007324218749821187, 0.004394531249892712, 0.0007324218749821187, 0.0019531249999523164, 0.0019531249999523164, 0.0014648437499642374, 0.0004882812499880791, 0.0017089843749582769, 0.0034179687499165537, 0.02661132812435031, 0.030029296874266864, 0.8842773437284113], [0.002685546874934435, 0.01635742187460065, 0.004638671874886751, 0.002197265624946356, 0.0004882812499880791, 0.0012207031249701977, 0.00024414062499403954, 0.0007324218749821187, 0.00024414062499403954, 0.0007324218749821187, 0.0024414062499403953, 0.0012207031249701977, 0.0024414062499403953, 0.004882812499880791, 0.0, 0.00537109374986887, 0.0004882812499880791, 0.0031738281249225142, 0.0, 0.0024414062499403953, 0.0, 0.0007324218749821187, 0.0039062499999046327, 0.019531249999523163, 0.028564453124302627, 0.895263671853143], [0.0019531249999523164, 0.012451171874696017, 0.005615234374862909, 0.0019531249999523164, 0.0004882812499880791, 0.00024414062499403954, 0.0014648437499642374, 0.0007324218749821187, 0.002197265624946356, 0.002197265624946356, 0.0024414062499403953, 0.0009765624999761582, 0.0007324218749821187, 0.002197265624946356, 0.0007324218749821187, 0.0036621093749105932, 0.0007324218749821187, 0.004394531249892712, 0.00024414062499403954, 0.0012207031249701977, 0.00024414062499403954, 0.0019531249999523164, 0.0036621093749105932, 0.023437499999427798, 0.026367187499356272, 0.8977050781030834], [0.0017089843749582769, 0.012939453124684096, 0.004150390624898672, 0.0024414062499403953, 0.0012207031249701977, 0.0007324218749821187, 0.0019531249999523164, 0.0017089843749582769, 0.0017089843749582769, 0.0007324218749821187, 0.0019531249999523164, 0.0014648437499642374, 0.0, 0.0014648437499642374, 0.00024414062499403954, 0.0034179687499165537, 0.00024414062499403954, 0.0017089843749582769, 0.0007324218749821187, 0.0012207031249701977, 0.00024414062499403954, 0.0029296874999284747, 0.0031738281249225142, 0.024658203124397995, 0.02734374999933243, 0.8999023437280298], [0.002685546874934435, 0.014404296874648333, 0.004394531249892712, 0.002685546874934435, 0.0004882812499880791, 0.0012207031249701977, 0.0004882812499880791, 0.0009765624999761582, 0.0029296874999284747, 0.002197265624946356, 0.0017089843749582769, 0.0014648437499642374, 0.0012207031249701977, 0.0024414062499403953, 0.0007324218749821187, 0.0024414062499403953, 0.00024414062499403954, 0.0024414062499403953, 0.0012207031249701977, 0.0014648437499642374, 0.0004882812499880791, 0.0017089843749582769, 0.0039062499999046327, 0.025146484374386074, 0.029296874999284746, 0.8916015624782324], [0.0024414062499403953, 0.017822265624564886, 0.00537109374986887, 0.0019531249999523164, 0.0007324218749821187, 0.0007324218749821187, 0.00024414062499403954, 0.0, 0.0, 0.0007324218749821187, 0.0007324218749821187, 0.0004882812499880791, 0.0024414062499403953, 0.0024414062499403953, 0.0009765624999761582, 0.008544921874791384, 0.0004882812499880791, 0.0019531249999523164, 0.0007324218749821187, 0.0007324218749821187, 0.00024414062499403954, 0.0007324218749821187, 0.002685546874934435, 0.024169921874409916, 0.024414062499403956, 0.8981933593530714], [0.002197265624946356, 0.01684570312458873, 0.008056640624803305, 0.0034179687499165537, 0.0012207031249701977, 0.0007324218749821187, 0.0004882812499880791, 0.0012207031249701977, 0.00024414062499403954, 0.0009765624999761582, 0.0009765624999761582, 0.0024414062499403953, 0.0012207031249701977, 0.004394531249892712, 0.00024414062499403954, 0.004882812499880791, 0.0014648437499642374, 0.002197265624946356, 0.0004882812499880791, 0.0017089843749582769, 0.0007324218749821187, 0.0012207031249701977, 0.0039062499999046327, 0.023437499999427798, 0.025146484374386074, 0.8901367187282682], [0.00512695312487483, 0.014648437499642373, 0.00537109374986887, 0.0024414062499403953, 0.00024414062499403954, 0.00024414062499403954, 0.0004882812499880791, 0.0007324218749821187, 0.0007324218749821187, 0.0014648437499642374, 0.0019531249999523164, 0.0024414062499403953, 0.002685546874934435, 0.0039062499999046327, 0.0012207031249701977, 0.0068359374998331075, 0.0007324218749821187, 0.0036621093749105932, 0.0, 0.0, 0.0009765624999761582, 0.002197265624946356, 0.007812499999809265, 0.023193359374433755, 0.023193359374433755, 0.8876953124783278], [0.0, 0.0, 0.0, 0.0, 0.0, 0.0, 0.0004882812499880791, 0.01000976562475562, 0.008789062499785423, 0.012207031249701978, 0.008789062499785423, 0.017333984374576807, 0.02734374999933243, 0.06347656249845028, 0.011962890624707938, 0.02661132812435031, 0.0104980468747437, 0.02148437499947548, 0.015380859374624491, 0.022460937499451637, 0.022949218749439716, 0.0407714843740046, 0.05590820312363506, 0.0666503906233728, 0.22583007811948658, 0.33105468749191763], [0.0, 0.0, 0.0, 0.0, 0.0, 0.0, 0.00024414062499403954, 0.008056640624803305, 0.0068359374998331075, 0.011474609374719858, 0.007812499999809265, 0.012939453124684096, 0.012207031249701978, 0.08813476562284828, 0.0036621093749105932, 0.029296874999284746, 0.0007324218749821187, 0.04541015624889135, 0.009033203124779463, 0.029541015624278785, 0.02148437499947548, 0.04980468749878407, 0.043701171873933076, 0.05517578124865294, 0.28613281249301437, 0.2783203124932051], [0.0, 0.0, 0.0, 0.0, 0.0, 0.0, 0.0004882812499880791, 0.0104980468747437, 0.007812499999809265, 0.011718749999713899, 0.009765624999761581, 0.01684570312458873, 0.02709960937433839, 0.05395507812368274, 0.013916015624660254, 0.02758789062432647, 0.01025390624974966, 0.019287109374529123, 0.014404296874648333, 0.0314941406242311, 0.028808593749296667, 0.04174804687398076, 0.051513671873742346, 0.0783691406230867, 0.21704101561970116, 0.327392578117007], [0.0, 0.0, 0.0004882812499880791, 0.0004882812499880791, 0.0029296874999284747, 0.004882812499880791, 0.002197265624946356, 0.008789062499785423, 0.007812499999809265, 0.014892578124636412, 0.015136718749630452, 0.018554687499547005, 0.013427734374672175, 0.06958007812330128, 0.0014648437499642374, 0.019531249999523163, 0.0017089843749582769, 0.03833007812406421, 0.006103515624850989, 0.025390624999380114, 0.009521484374767542, 0.03710937499909401, 0.04272460937395692, 0.05590820312363506, 0.290039062492919, 0.3129882812423587], [0.0017089843749582769, 0.0, 0.00024414062499403954, 0.0007324218749821187, 0.00024414062499403954, 0.0004882812499880791, 0.0, 0.004150390624898672, 0.0036621093749105932, 0.009277343749773502, 0.015380859374624491, 0.03295898437419534, 0.029296874999284746, 0.057617187498593334, 0.014648437499642373, 0.023437499999427798, 0.009033203124779463, 0.028320312499308588, 0.01000976562475562, 0.01635742187460065, 0.014160156249654294, 0.04248046874896288, 0.052246093748724465, 0.08911132812282443, 0.25341796874381306, 0.2910156249928951], [0.0, 0.0, 0.0, 0.0, 0.0, 0.0, 0.0, 0.008056640624803305, 0.005615234374862909, 0.012451171874696017, 0.01074218749973774, 0.017822265624564886, 0.019775390624517202, 0.08593749999790191, 0.008544921874791384, 0.029052734374290706, 0.0036621093749105932, 0.0407714843740046, 0.0063476562498450285, 0.028808593749296667, 0.01635742187460065, 0.04956054687379003, 0.046874999998855596, 0.06811523437333704, 0.2482910156189382, 0.2932128906178415], [0.0, 0.0, 0.0, 0.0, 0.0, 0.0, 0.00024414062499403954, 0.006103515624850989, 0.0068359374998331075, 0.013183593749678136, 0.008544921874791384, 0.017333984374576807, 0.02709960937433839, 0.06274414062346817, 0.015136718749630452, 0.029541015624278785, 0.011718749999713899, 0.044677734373909234, 0.01074218749973774, 0.023925781249415877, 0.022705078124445676, 0.04907226562380195, 0.06738281249835491, 0.09130859374777078, 0.1865234374954462, 0.3051757812425494], [0.0, 0.0, 0.0, 0.0, 0.0, 0.0007324218749821187, 0.006591796874839068, 0.01000976562475562, 0.009277343749773502, 0.011962890624707938, 0.014892578124636412, 0.02709960937433839, 0.030273437499260904, 0.043701171873933076, 0.01000976562475562, 0.018066406249558926, 0.007080078124827147, 0.01586914062461257, 0.007568359374815226, 0.02026367187450528, 0.017578124999570847, 0.03686523437409997, 0.04516601562389731, 0.0549316406236589, 0.21069335936985611, 0.401367187490201], [0.0, 0.0, 0.0, 0.00024414062499403954, 0.0009765624999761582, 0.002197265624946356, 0.0014648437499642374, 0.008056640624803305, 0.007812499999809265, 0.013671874999666215, 0.011718749999713899, 0.02758789062432647, 0.034179687499165536, 0.05297851562370658, 0.014892578124636412, 0.030029296874266864, 0.009033203124779463, 0.025634765624374153, 0.01000976562475562, 0.019531249999523163, 0.019042968749535084, 0.051513671873742346, 0.07275390624822378, 0.05322265624870062, 0.15429687499623299, 0.3791503906157434], [0.047607421873837714, 0.043457031248939036, 0.03784179687407613, 0.023681640624421837, 0.012207031249701978, 0.008056640624803305, 0.008789062499785423, 0.007080078124827147, 0.009521484374767542, 0.008300781249797344, 0.009277343749773502, 0.011474609374719858, 0.012695312499690057, 0.018066406249558926, 0.0012207031249701977, 0.005615234374862909, 0.0012207031249701977, 0.00512695312487483, 0.0004882812499880791, 0.0017089843749582769, 0.0024414062499403953, 0.004150390624898672, 0.010986328124731779, 0.019287109374529123, 0.02709960937433839, 0.6625976562338233], [0.05517578124865294, 0.04907226562380195, 0.023681640624421837, 0.0104980468747437, 0.005615234374862909, 0.00537109374986887, 0.006347