{"model": "elbp", "reduction_technique": "LDA", "latent_features": {"matrix_nxk": [[0.03678588938005968, 0.5585679258165093, 0.03678588938005968, 0.03678588938005968, 0.03678588938005968, 0.03678588938005968, 0.03678588938005968, 0.03678729100283418, 0.03678588938005968, 0.03678588938005968, 0.03678588938005968, 0.03678588938005968, 0.03678588938005968], [0.03678589018520099, 0.5585683039578399, 0.03678589018520099, 0.03678589018520099, 0.03678589018520099, 0.03678589018520099, 0.03678589018520099, 0.036786904004948995, 0.03678589018520099, 0.03678589018520099, 0.03678589018520099, 0.03678589018520099, 0.03678589018520099], [0.03678588935649397, 0.5585682208398813, 0.03678588935649397, 0.03678588935649397, 0.03678588935649397, 0.03678588935649397, 0.03678588935649397, 0.03678699623868504, 0.03678588935649397, 0.03678588935649397, 0.03678588935649397, 0.03678588935649397, 0.03678588935649397], [0.036785889504188096, 0.5585682689547761, 0.036785889504188096, 0.036785889504188096, 0.036785889504188096, 0.036785889504188096, 0.036785889504188096, 0.036786946499155156, 0.036785889504188096, 0.036785889504188096, 0.036785889504188096, 0.036785889504188096, 0.036785889504188096], [0.03678588967075082, 0.5585682166959473, 0.03678588967075082, 0.03678588967075082, 0.03678588967075082, 0.03678588967075082, 0.03678588967075082, 0.03678699692579372, 0.03678588967075082, 0.03678588967075082, 0.03678588967075082, 0.03678588967075082, 0.03678588967075082], [0.03678588986271939, 0.5585682846300634, 0.03678588986271939, 0.03678588986271939, 0.03678588986271939, 0.03678588986271939, 0.03678588986271939, 0.03678692688002342, 0.03678588986271939, 0.03678588986271939, 0.03678588986271939, 0.03678588986271939, 0.03678588986271939], [0.03678588964709744, 0.5585678803652909, 0.03678588964709744, 0.03678588964709744, 0.03678588964709744, 0.03678588964709744, 0.03678588964709744, 0.03678733351663702, 0.03678588964709744, 0.03678588964709744, 0.03678588964709744, 0.03678588964709744, 0.03678588964709744], [0.03678588963244333, 0.5585682912071737, 0.03678588963244333, 0.03678588963244333, 0.03678588963244333, 0.03678588963244333, 0.03678588963244333, 0.03678692283594981, 0.03678588963244333, 0.03678588963244333, 0.03678588963244333, 0.03678588963244333, 0.03678588963244333], [0.03678588942372143, 0.5585683108841469, 0.03678588942372143, 0.03678588942372143, 0.03678588942372143, 0.03678588942372143, 0.03678588942372143, 0.03678690545491725, 0.03678588942372143, 0.03678588942372143, 0.03678588942372143, 0.03678588942372143, 0.03678588942372143], [0.03678588942739734, 0.5585680104670223, 0.03678588942739734, 0.03678588942739734, 0.03678588942739734, 0.03678588942739734, 0.03678588942739734, 0.036787205831606724, 0.03678588942739734, 0.03678588942739734, 0.03678588942739734, 0.03678588942739734, 0.03678588942739734], [0.036785889466366815, 0.5585682912032357, 0.036785889466366815, 0.036785889466366815, 0.036785889466366815, 0.036785889466366815, 0.036785889466366815, 0.036786924666729115, 0.036785889466366815, 0.036785889466366815, 0.036785889466366815, 0.036785889466366815, 0.036785889466366815], [0.036785889349440846, 0.5585680564330545, 0.036785889349440846, 0.036785889349440846, 0.036785889349440846, 0.036785889349440846, 0.036785889349440846, 0.03678716072309641, 0.036785889349440846, 0.036785889349440846, 0.036785889349440846, 0.036785889349440846, 0.036785889349440846], [0.036785889356366036, 0.5585676753743372, 0.036785889356366036, 0.036785889356366036, 0.036785889356366036, 0.036785889356366036, 0.036785889356366036, 0.03678754170563657, 0.036785889356366036, 0.036785889356366036, 0.036785889356366036, 0.036785889356366036, 0.036785889356366036], [0.03678588948978065, 0.558568296506772, 0.03678588948978065, 0.03678588948978065, 0.03678588948978065, 0.03678588948978065, 0.03678588948978065, 0.03678691910564068, 0.03678588948978065, 0.03678588948978065, 0.03678588948978065, 0.03678588948978065, 0.03678588948978065], [0.036785889554103855, 0.5585682018772727, 0.036785889554103855, 0.036785889554103855, 0.036785889554103855, 0.036785889554103855, 0.036785889554103855, 0.03678701302758494, 0.036785889554103855, 0.036785889554103855, 0.036785889554103855, 0.036785889554103855, 0.036785889554103855], [0.036785889373139154, 0.5585682464442374, 0.036785889373139154, 0.036785889373139154, 0.036785889373139154, 0.036785889373139154, 0.036785889373139154, 0.03678697045123224, 0.036785889373139154, 0.036785889373139154, 0.036785889373139154, 0.036785889373139154, 0.036785889373139154], [0.0367858893364832, 0.5585681826162865, 0.0367858893364832, 0.0367858893364832, 0.0367858893364832, 0.0367858893364832, 0.0367858893364832, 0.036787034682398335, 0.0367858893364832, 0.0367858893364832, 0.0367858893364832, 0.0367858893364832, 0.0367858893364832], [0.03678588942084904, 0.5585682350157689, 0.03678588942084904, 0.03678588942084904, 0.03678588942084904, 0.03678588942084904, 0.03678588942084904, 0.03678698135489177, 0.03678588942084904, 0.03678588942084904, 0.03678588942084904, 0.03678588942084904, 0.03678588942084904], [0.03678588949076215, 0.558568303887619, 0.03678588949076215, 0.03678588949076215, 0.03678588949076215, 0.03678588949076215, 0.03678588949076215, 0.0367869117139972, 0.03678588949076215, 0.03678588949076215, 0.03678588949076215, 0.03678588949076215, 0.03678588949076215], [0.03678588938635692, 0.558568294367602, 0.03678588938635692, 0.03678588938635692, 0.03678588938635692, 0.03678588938635692, 0.03678588938635692, 0.03678692238247164, 0.03678588938635692, 0.03678588938635692, 0.03678588938635692, 0.03678588938635692, 0.03678588938635692], [0.03678588945097425, 0.5585681530672468, 0.03678588945097425, 0.03678588945097425, 0.03678588945097425, 0.03678588945097425, 0.03678588945097425, 0.03678706297203628, 0.03678588945097425, 0.03678588945097425, 0.03678588945097425, 0.03678588945097425, 0.03678588945097425], [0.036785889378896215, 0.5585682040095428, 0.036785889378896215, 0.036785889378896215, 0.036785889378896215, 0.036785889378896215, 0.036785889378896215, 0.03678701282259888, 0.036785889378896215, 0.036785889378896215, 0.036785889378896215, 0.036785889378896215, 0.036785889378896215], [0.03678588960033285, 0.5585682515344593, 0.03678588960033285, 0.03678588960033285, 0.03678588960033285, 0.03678588960033285, 0.03678588960033285, 0.0367869628618793, 0.03678588960033285, 0.03678588960033285, 0.03678588960033285, 0.03678588960033285, 0.03678588960033285], [0.03678588953154502, 0.5585682905341081, 0.03678588953154502, 0.03678588953154502, 0.03678588953154502, 0.03678588953154502, 0.03678588953154502, 0.03678692461889689, 0.03678588953154502, 0.03678588953154502, 0.03678588953154502, 0.03678588953154502, 0.03678588953154502], [0.03678588937097388, 0.5585673357161848, 0.03678588937097388, 0.03678588937097388, 0.03678588937097388, 0.03678588937097388, 0.03678588937097388, 0.03678788120310271, 0.03678588937097388, 0.03678588937097388, 0.03678588937097388, 0.03678588937097388, 0.03678588937097388], [0.03678588934904374, 0.5585679207733989, 0.03678588934904374, 0.03678588934904374, 0.03678588934904374, 0.03678588934904374, 0.03678588934904374, 0.03678729638712018, 0.03678588934904374, 0.03678588934904374, 0.03678588934904374, 0.03678588934904374, 0.03678588934904374], [0.036785889357740804, 0.5585682334475937, 0.036785889357740804, 0.036785889357740804, 0.036785889357740804, 0.036785889357740804, 0.036785889357740804, 0.03678698361725762, 0.036785889357740804, 0.036785889357740804, 0.036785889357740804, 0.036785889357740804, 0.036785889357740804], [0.03678588955292111, 0.5585682208839517, 0.03678588955292111, 0.03678588955292111, 0.03678588955292111, 0.03678588955292111, 0.03678588955292111, 0.036786994033915964, 0.03678588955292111, 0.03678588955292111, 0.03678588955292111, 0.03678588955292111, 0.03678588955292111], [0.03678588941874454, 0.5585683177601113, 0.03678588941874454, 0.03678588941874454, 0.03678588941874454, 0.03678588941874454, 0.03678588941874454, 0.036786898633698786, 0.03678588941874454, 0.03678588941874454, 0.03678588941874454, 0.03678588941874454, 0.03678588941874454], [0.0367858896580562, 0.5585682970749998, 0.0367858896580562, 0.0367858896580562, 0.0367858896580562, 0.0367858896580562, 0.0367858896580562, 0.03678691668638186, 0.0367858896580562, 0.0367858896580562, 0.0367858896580562, 0.0367858896580562, 0.0367858896580562], [0.03678588936940732, 0.5585682806172542, 0.03678588936940732, 0.03678588936940732, 0.03678588936940732, 0.03678588936940732, 0.03678588936940732, 0.03678693631926541, 0.03678588936940732, 0.03678588936940732, 0.03678588936940732, 0.03678588936940732, 0.03678588936940732], [0.036785889437811116, 0.5585680517880517, 0.036785889437811116, 0.036785889437811116, 0.036785889437811116, 0.036785889437811116, 0.036785889437811116, 0.036787164396026056, 0.036785889437811116, 0.036785889437811116, 0.036785889437811116, 0.036785889437811116, 0.036785889437811116], [0.03678588972514223, 0.5585683117301555, 0.03678588972514223, 0.03678588972514223, 0.03678588972514223, 0.03678588972514223, 0.03678588972514223, 0.03678690129327987, 0.03678588972514223, 0.03678588972514223, 0.03678588972514223, 0.03678588972514223, 0.03678588972514223], [0.03678588933275828, 0.5585681021808546, 0.03678588933275828, 0.03678588933275828, 0.03678588933275828, 0.03678588933275828, 0.03678588933275828, 0.036787115158804236, 0.03678588933275828, 0.03678588933275828, 0.03678588933275828, 0.03678588933275828, 0.03678588933275828], [0.03678588942634736, 0.5585682600115488, 0.03678588942634736, 0.03678588942634736, 0.03678588942634736, 0.03678588942634736, 0.03678588942634736, 0.03678695629862989, 0.03678588942634736, 0.03678588942634736, 0.03678588942634736, 0.03678588942634736, 0.03678588942634736], [0.03678588932889152, 0.5585682705078907, 0.03678588932889152, 0.03678588932889152, 0.03678588932889152, 0.03678588932889152, 0.03678588932889152, 0.03678694687430265, 0.03678588932889152, 0.03678588932889152, 0.03678588932889152, 0.03678588932889152, 0.03678588932889152], [0.036785889669337594, 0.5585682902567293, 0.036785889669337594, 0.036785889669337594, 0.036785889669337594, 0.036785889669337594, 0.036785889669337594, 0.03678692338055715, 0.036785889669337594, 0.036785889669337594, 0.036785889669337594, 0.036785889669337594, 0.036785889669337594], [0.0367858893577544, 0.5585682988460441, 0.0367858893577544, 0.0367858893577544, 0.0367858893577544, 0.0367858893577544, 0.0367858893577544, 0.036786918218657656, 0.0367858893577544, 0.0367858893577544, 0.0367858893577544, 0.0367858893577544, 0.0367858893577544], [0.036785889350744436, 0.558568294279255, 0.036785889350744436, 0.036785889350744436, 0.036785889350744436, 0.036785889350744436, 0.036785889350744436, 0.03678692286255653, 0.036785889350744436, 0.036785889350744436, 0.036785889350744436, 0.036785889350744436, 0.036785889350744436], [0.036785889485413045, 0.558568287288248, 0.036785889485413045, 0.036785889485413045, 0.036785889485413045, 0.036785889485413045, 0.036785889485413045, 0.0367869283722086, 0.036785889485413045, 0.036785889485413045, 0.036785889485413045, 0.036785889485413045, 0.036785889485413045], [0.03678588943675157, 0.558568305581126, 0.03678588943675157, 0.03678588943675157, 0.03678588943675157, 0.03678588943675157, 0.03678588943675157, 0.03678691061460676, 0.03678588943675157, 0.03678588943675157, 0.03678588943675157, 0.03678588943675157, 0.03678588943675157], [0.03678588933801716, 0.5585681718310935, 0.03678588933801716, 0.03678588933801716, 0.03678588933801716, 0.03678588933801716, 0.03678588933801716, 0.03678704545071768, 0.03678588933801716, 0.03678588933801716, 0.03678588933801716, 0.03678588933801716, 0.03678588933801716], [0.036785889506891926, 0.5585682741857158, 0.036785889506891926, 0.036785889506891926, 0.036785889506891926, 0.036785889506891926, 0.036785889506891926, 0.03678694123847279, 0.036785889506891926, 0.036785889506891926, 0.036785889506891926, 0.036785889506891926, 0.036785889506891926], [0.036785889398462286, 0.5585682579406066, 0.036785889398462286, 0.036785889398462286, 0.036785889398462286, 0.036785889398462286, 0.036785889398462286, 0.03678695867630815, 0.036785889398462286, 0.036785889398462286, 0.036785889398462286, 0.036785889398462286, 0.036785889398462286], [0.03678588935526897, 0.5585681720698805, 0.03678588935526897, 0.03678588935526897, 0.03678588935526897, 0.03678588935526897, 0.03678588935526897, 0.03678704502216072, 0.03678588935526897, 0.03678588935526897, 0.03678588935526897, 0.03678588935526897, 0.03678588935526897], [0.03678588933544364, 0.5585678357343026, 0.03678588933544364, 0.03678588933544364, 0.03678588933544364, 0.03678588933544364, 0.03678588933544364, 0.03678738157581745, 0.03678588933544364, 0.03678588933544364, 0.03678588933544364, 0.03678588933544364, 0.03678588933544364], [0.03678588931458528, 0.5585683008562261, 0.03678588931458528, 0.03678588931458528, 0.03678588931458528, 0.03678588931458528, 0.03678588931458528, 0.03678691668333561, 0.03678588931458528, 0.03678588931458528, 0.03678588931458528, 0.03678588931458528, 0.03678588931458528], [0.036785889371806255, 0.558568042510955, 0.036785889371806255, 0.036785889371806255, 0.036785889371806255, 0.036785889371806255, 0.036785889371806255, 0.036787174399176156, 0.036785889371806255, 0.036785889371806255, 0.036785889371806255, 0.036785889371806255, 0.036785889371806255], [0.03678588935310899, 0.5585680792214784, 0.03678588935310899, 0.03678588935310899, 0.03678588935310899, 0.03678588935310899, 0.03678588935310899, 0.03678713789432259, 0.03678588935310899, 0.03678588935310899, 0.03678588935310899, 0.03678588935310899, 0.03678588935310899], [0.036785889319570886, 0.5585683038460815, 0.036785889319570886, 0.036785889319570886, 0.036785889319570886, 0.036785889319570886, 0.036785889319570886, 0.03678691363863891, 0.036785889319570886, 0.036785889319570886, 0.036785889319570886, 0.036785889319570886, 0.036785889319570886], [0.036785889357429005, 0.558567464987474, 0.036785889357429005, 0.036785889357429005, 0.036785889357429005, 0.036785889357429005, 0.036785889357429005, 0.03678775208080682, 0.036785889357429005, 0.036785889357429005, 0.036785889357429005, 0.036785889357429005, 0.036785889357429005], [0.03678588937248081, 0.5585672918017418, 0.03678588937248081, 0.03678588937248081, 0.03678588937248081, 0.03678588937248081, 0.03678588937248081, 0.036787925100969315, 0.03678588937248081, 0.03678588937248081, 0.03678588937248081, 0.03678588937248081, 0.03678588937248081], [0.03678588940886243, 0.5585681786692652, 0.03678588940886243, 0.03678588940886243, 0.03678588940886243, 0.03678588940886243, 0.03678588940886243, 0.03678703783324799, 0.03678588940886243, 0.03678588940886243, 0.03678588940886243, 0.03678588940886243, 0.03678588940886243], [0.03678588934437481, 0.5585665332182809, 0.03678588934437481, 0.03678588934437481, 0.03678588934437481, 0.03678588934437481, 0.03678588934437481, 0.03678868399359627, 0.03678588934437481, 0.03678588934437481, 0.03678588934437481, 0.03678588934437481, 0.03678588934437481], [0.03678588933204262, 0.5585683063951256, 0.03678588933204262, 0.03678588933204262, 0.03678588933204262, 0.03678588933204262, 0.03678588933204262, 0.03678691095240568, 0.03678588933204262, 0.03678588933204262, 0.03678588933204262, 0.03678588933204262, 0.03678588933204262], [0.0367858893409329, 0.5585678774225142, 0.0367858893409329, 0.0367858893409329, 0.0367858893409329, 0.0367858893409329, 0.0367858893409329, 0.03678733982722401, 0.0367858893409329, 0.0367858893409329, 0.0367858893409329, 0.0367858893409329, 0.0367858893409329], [0.03678588934887746, 0.5585681693677922, 0.03678588934887746, 0.03678588934887746, 0.03678588934887746, 0.03678588934887746, 0.03678588934887746, 0.03678704779455613, 0.03678588934887746, 0.03678588934887746, 0.03678588934887746, 0.03678588934887746, 0.03678588934887746], [0.036785889542027675, 0.5585678797350594, 0.036785889542027675, 0.036785889542027675, 0.036785889542027675, 0.036785889542027675, 0.036785889542027675, 0.036787335302636115, 0.036785889542027675, 0.036785889542027675, 0.036785889542027675, 0.036785889542027675, 0.036785889542027675], [0.03678588934430122, 0.5585670881110629, 0.03678588934430122, 0.03678588934430122, 0.03678588934430122, 0.03678588934430122, 0.03678588934430122, 0.0367881291016237, 0.03678588934430122, 0.03678588934430122, 0.03678588934430122, 0.03678588934430122, 0.03678588934430122], [0.03678588934612815, 0.5585668538904381, 0.03678588934612815, 0.03678588934612815, 0.03678588934612815, 0.03678588934612815, 0.03678588934612815, 0.03678836330215226, 0.03678588934612815, 0.03678588934612815, 0.03678588934612815, 0.03678588934612815, 0.03678588934612815], [0.03678588964720053, 0.5585680172032967, 0.03678588964720053, 0.03678588964720053, 0.03678588964720053, 0.03678588964720053, 0.03678588964720053, 0.03678719667749726, 0.03678588964720053, 0.03678588964720053, 0.03678588964720053, 0.03678588964720053, 0.03678588964720053], [0.03678588933427291, 0.5585683027277867, 0.03678588933427291, 0.03678588933427291, 0.03678588933427291, 0.03678588933427291, 0.03678588933427291, 0.03678691459521107, 0.03678588933427291, 0.03678588933427291, 0.03678588933427291, 0.03678588933427291, 0.03678588933427291], [0.03678588955408109, 0.5585678671567079, 0.03678588955408109, 0.03678588955408109, 0.03678588955408109, 0.03678588955408109, 0.03678588955408109, 0.03678734774840004, 0.03678588955408109, 0.03678588955408109, 0.03678588955408109, 0.03678588955408109, 0.03678588955408109], [0.036785889365519665, 0.5585680149405515, 0.036785889365519665, 0.036785889365519665, 0.036785889365519665, 0.036785889365519665, 0.036785889365519665, 0.036787202038732134, 0.036785889365519665, 0.036785889365519665, 0.036785889365519665, 0.036785889365519665, 0.036785889365519665], [0.03678588943317634, 0.5585678988406213, 0.03678588943317634, 0.03678588943317634, 0.03678588943317634, 0.03678588943317634, 0.03678588943317634, 0.03678731739443889, 0.03678588943317634, 0.03678588943317634, 0.03678588943317634, 0.03678588943317634, 0.03678588943317634], [0.0367858893503477, 0.5585674343257796, 0.0367858893503477, 0.0367858893503477, 0.0367858893503477, 0.0367858893503477, 0.0367858893503477, 0.03678778282039603, 0.0367858893503477, 0.0367858893503477, 0.0367858893503477, 0.0367858893503477, 0.0367858893503477], [0.0367858893408037, 0.5585683057175995, 0.0367858893408037, 0.0367858893408037, 0.0367858893408037, 0.0367858893408037, 0.0367858893408037, 0.03678691153355981, 0.0367858893408037, 0.0367858893408037, 0.0367858893408037, 0.0367858893408037, 0.0367858893408037], [0.03678588949366906, 0.5585682966742507, 0.03678588949366906, 0.03678588949366906, 0.03678588949366906, 0.03678588949366906, 0.03678588949366906, 0.03678691889538995, 0.03678588949366906, 0.03678588949366906, 0.03678588949366906, 0.03678588949366906, 0.03678588949366906], [0.03678588943330962, 0.55856830377213, 0.03678588943330962, 0.03678588943330962, 0.03678588943330962, 0.03678588943330962, 0.03678588943330962, 0.03678691246146408, 0.03678588943330962, 0.03678588943330962, 0.03678588943330962, 0.03678588943330962, 0.03678588943330962], [0.03678588946115255, 0.5585682558092661, 0.03678588946115255, 0.03678588946115255, 0.03678588946115255, 0.03678588946115255, 0.03678588946115255, 0.036786960118055725, 0.03678588946115255, 0.03678588946115255, 0.03678588946115255, 0.03678588946115255, 0.03678588946115255], [0.03678588988575806, 0.5585679749757215, 0.03678588988575806, 0.03678588988575806, 0.03678588988575806, 0.03678588988575806, 0.03678588988575806, 0.03678723628093993, 0.03678588988575806, 0.03678588988575806, 0.03678588988575806, 0.03678588988575806, 0.03678588988575806], [0.03678588947297854, 0.5585682210878387, 0.03678588947297854, 0.03678588947297854, 0.03678588947297854, 0.03678588947297854, 0.03678588947297854, 0.03678699470939731, 0.03678588947297854, 0.03678588947297854, 0.03678588947297854, 0.03678588947297854, 0.03678588947297854], [0.03678588978917617, 0.5585680774418071, 0.03678588978917617, 0.03678588978917617, 0.03678588978917617, 0.03678588978917617, 0.03678588978917617, 0.03678713487725507, 0.03678588978917617, 0.03678588978917617, 0.03678588978917617, 0.03678588978917617, 0.03678588978917617], [0.036785889738628334, 0.5585682260365642, 0.036785889738628334, 0.036785889738628334, 0.036785889738628334, 0.036785889738628334, 0.036785889738628334, 0.0367869868385242, 0.036785889738628334, 0.036785889738628334, 0.036785889738628334, 0.036785889738628334, 0.036785889738628334], [0.03678588946633846, 0.5585676539548978, 0.03678588946633846, 0.03678588946633846, 0.03678588946633846, 0.03678588946633846, 0.03678588946633846, 0.03678756191537879, 0.03678588946633846, 0.03678588946633846, 0.03678588946633846, 0.03678588946633846, 0.03678588946633846], [0.0367858896422134, 0.5585683069334737, 0.0367858896422134, 0.0367858896422134, 0.0367858896422134, 0.0367858896422134, 0.0367858896422134, 0.03678690700217877, 0.0367858896422134, 0.0367858896422134, 0.0367858896422134, 0.0367858896422134, 0.0367858896422134], [0.036785889413148, 0.5585682775921551, 0.036785889413148, 0.036785889413148, 0.036785889413148, 0.036785889413148, 0.036785889413148, 0.036786938863216725, 0.036785889413148, 0.036785889413148, 0.036785889413148, 0.036785889413148, 0.036785889413148], [0.03678588948461979, 0.558568312134749, 0.03678588948461979, 0.03678588948461979, 0.03678588948461979, 0.03678588948461979, 0.03678588948461979, 0.03678690353443327, 0.03678588948461979, 0.03678588948461979, 0.03678588948461979, 0.03678588948461979, 0.03678588948461979], [0.03678588980291781, 0.5585683013267381, 0.03678588980291781, 0.03678588980291781, 0.03678588980291781, 0.03678588980291781, 0.03678588980291781, 0.03678691084116601, 0.03678588980291781, 0.03678588980291781, 0.03678588980291781, 0.03678588980291781, 0.03678588980291781], [0.0367858894547351, 0.5585677219363698, 0.0367858894547351, 0.0367858894547351, 0.0367858894547351, 0.0367858894547351, 0.0367858894547351, 0.03678749406154399, 0.0367858894547351, 0.0367858894547351, 0.0367858894547351, 0.0367858894547351, 0.0367858894547351], [0.036785889601731805, 0.5585683008347692, 0.036785889601731805, 0.036785889601731805, 0.036785889601731805, 0.036785889601731805, 0.036785889601731805, 0.0367869135461811, 0.036785889601731805, 0.036785889601731805, 0.036785889601731805, 0.036785889601731805, 0.036785889601731805], [0.03678588976082424, 0.5585680156923241, 0.03678588976082424, 0.03678588976082424, 0.03678588976082424, 0.03678588976082424, 0.03678588976082424, 0.03678719693860935, 0.03678588976082424, 0.03678588976082424, 0.03678588976082424, 0.03678588976082424, 0.03678588976082424], [0.0367858895804787, 0.5585682082917389, 0.0367858895804787, 0.0367858895804787, 0.0367858895804787, 0.0367858895804787, 0.0367858895804787, 0.036787006322995426, 0.0367858895804787, 0.0367858895804787, 0.0367858895804787, 0.0367858895804787, 0.0367858895804787], [0.036785889430785035, 0.5585681263837387, 0.036785889430785035, 0.036785889430785035, 0.036785889430785035, 0.036785889430785035, 0.036785889430785035, 0.03678708987762589, 0.036785889430785035, 0.036785889430785035, 0.036785889430785035, 0.036785889430785035, 0.036785889430785035], [0.036785889648123155, 0.558567971326701, 0.036785889648123155, 0.036785889648123155, 0.036785889648123155, 0.036785889648123155, 0.036785889648123155, 0.03678724254394438, 0.036785889648123155, 0.036785889648123155, 0.036785889648123155, 0.036785889648123155, 0.036785889648123155], [0.03678588956352318, 0.5585682688038082, 0.03678588956352318, 0.03678588956352318, 0.03678588956352318, 0.03678588956352318, 0.03678588956352318, 0.03678694599743663, 0.03678588956352318, 0.03678588956352318, 0.03678588956352318, 0.03678588956352318, 0.03678588956352318], [0.03678588965122134, 0.5585682149240093, 0.03678588965122134, 0.03678588965122134, 0.03678588965122134, 0.03678588965122134, 0.03678588965122134, 0.03678699891255583, 0.03678588965122134, 0.03678588965122134, 0.03678588965122134, 0.03678588965122134, 0.03678588965122134], [0.036785889439859845, 0.5585673682043786, 0.036785889439859845, 0.036785889439859845, 0.036785889439859845, 0.036785889439859845, 0.036785889439859845, 0.036787847957163194, 0.036785889439859845, 0.036785889439859845, 0.036785889439859845, 0.036785889439859845, 0.036785889439859845], [0.03678588946772898, 0.55856813621531, 0.03678588946772898, 0.03678588946772898, 0.03678588946772898, 0.03678588946772898, 0.03678588946772898, 0.036787079639671094, 0.03678588946772898, 0.03678588946772898, 0.03678588946772898, 0.03678588946772898, 0.03678588946772898], [0.0367858893838181, 0.5585682437955265, 0.0367858893838181, 0.0367858893838181, 0.0367858893838181, 0.0367858893838181, 0.0367858893838181, 0.0367869729824747, 0.0367858893838181, 0.0367858893838181, 0.0367858893838181, 0.0367858893838181, 0.0367858893838181], [0.036785889600897306, 0.5585683054796071, 0.036785889600897306, 0.036785889600897306, 0.036785889600897306, 0.036785889600897306, 0.036785889600897306, 0.036786908910522415, 0.036785889600897306, 0.036785889600897306, 0.036785889600897306, 0.036785889600897306, 0.036785889600897306], [0.036785889398959326, 0.5585683096052623, 0.036785889398959326, 0.036785889398959326, 0.036785889398959326, 0.036785889398959326, 0.036785889398959326, 0.03678690700618518, 0.036785889398959326, 0.036785889398959326, 0.036785889398959326, 0.036785889398959326, 0.036785889398959326], [0.03678588948320831, 0.558568277510989, 0.03678588948320831, 0.03678588948320831, 0.03678588948320831, 0.03678588948320831, 0.03678588948320831, 0.0367869381737193, 0.03678588948320831, 0.03678588948320831, 0.03678588948320831, 0.03678588948320831, 0.03678588948320831], [0.036785889402009, 0.5585683143286094, 0.036785889402009, 0.036785889402009, 0.036785889402009, 0.036785889402009, 0.036785889402009, 0.036786902249291584, 0.036785889402009, 0.036785889402009, 0.036785889402009, 0.036785889402009, 0.036785889402009], [0.03678588950073169, 0.5585683088893547, 0.03678588950073169, 0.03678588950073169, 0.03678588950073169, 0.03678588950073169, 0.03678588950073169, 0.036786906602596744, 0.03678588950073169, 0.03678588950073169, 0.03678588950073169, 0.03678588950073169, 0.03678588950073169], [0.036785889693870706, 0.5585682941154153, 0.036785889693870706, 0.036785889693870706, 0.036785889693870706, 0.036785889693870706, 0.036785889693870706, 0.03678691925200698, 0.036785889693870706, 0.036785889693870706, 0.036785889693870706, 0.036785889693870706, 0.036785889693870706], [0.03678588941368891, 0.5585682443966477, 0.03678588941368891, 0.03678588941368891, 0.03678588941368891, 0.03678588941368891, 0.03678588941368891, 0.03678697205277418, 0.03678588941368891, 0.03678588941368891, 0.03678588941368891, 0.03678588941368891, 0.03678588941368891], [0.036785889444901035, 0.5585682228249256, 0.036785889444901035, 0.036785889444901035, 0.036785889444901035, 0.036785889444901035, 0.036785889444901035, 0.03678699328116308, 0.036785889444901035, 0.036785889444901035, 0.036785889444901035, 0.036785889444901035, 0.036785889444901035], [0.036785889493338025, 0.558568316478573, 0.036785889493338025, 0.036785889493338025, 0.036785889493338025, 0.036785889493338025, 0.036785889493338025, 0.03678689909470887, 0.036785889493338025, 0.036785889493338025, 0.036785889493338025, 0.036785889493338025, 0.036785889493338025], [0.03678588933020436, 0.558567727560674, 0.03678588933020436, 0.03678588933020436, 0.03678588933020436, 0.03678588933020436, 0.03678588933020436, 0.03678748980707815, 0.03678588933020436, 0.03678588933020436, 0.03678588933020436, 0.03678588933020436, 0.03678588933020436], [0.03678588934549517, 0.5585683063535507, 0.03678588934549517, 0.03678588934549517, 0.03678588934549517, 0.03678588934549517, 0.03678588934549517, 0.03678691084600256, 0.03678588934549517, 0.03678588934549517, 0.03678588934549517, 0.03678588934549517, 0.03678588934549517], [0.03678588954857625, 0.5585680177015871, 0.03678588954857625, 0.03678588954857625, 0.03678588954857625, 0.03678588954857625, 0.03678588954857625, 0.03678719726407423, 0.03678588954857625, 0.03678588954857625, 0.03678588954857625, 0.03678588954857625, 0.03678588954857625], [0.03678588938179255, 0.5585680331376263, 0.03678588938179255, 0.03678588938179255, 0.03678588938179255, 0.03678588938179255, 0.03678588938179255, 0.03678718366265553, 0.03678588938179255, 0.03678588938179255, 0.03678588938179255, 0.03678588938179255, 0.03678588938179255], [0.03678588938329249, 0.5585682836297002, 0.03678588938329249, 0.03678588938329249, 0.03678588938329249, 0.03678588938329249, 0.03678588938329249, 0.03678693315408263, 0.03678588938329249, 0.03678588938329249, 0.03678588938329249, 0.03678588938329249, 0.03678588938329249], [0.036785889556042894, 0.5585683100760006, 0.036785889556042894, 0.036785889556042894, 0.036785889556042894, 0.036785889556042894, 0.036785889556042894, 0.03678690480752755, 0.036785889556042894, 0.036785889556042894, 0.036785889556042894, 0.036785889556042894, 0.036785889556042894], [0.03678588933690238, 0.5585671786063291, 0.03678588933690238, 0.03678588933690238, 0.03678588933690238, 0.03678588933690238, 0.03678588933690238, 0.03678803868774448, 0.03678588933690238, 0.03678588933690238, 0.03678588933690238, 0.03678588933690238, 0.03678588933690238], [0.03678588936046335, 0.5585682884737824, 0.03678588936046335, 0.03678588936046335, 0.03678588936046335, 0.03678588936046335, 0.03678588936046335, 0.03678692856112063, 0.03678588936046335, 0.03678588936046335, 0.03678588936046335, 0.03678588936046335, 0.03678588936046335], [0.03678588945018478, 0.5585682587893287, 0.03678588945018478, 0.03678588945018478, 0.03678588945018478, 0.03678588945018478, 0.03678588945018478, 0.036786957258638585, 0.03678588945018478, 0.03678588945018478, 0.03678588945018478, 0.03678588945018478, 0.03678588945018478], [0.03678588939321044, 0.5585683117905903, 0.03678588939321044, 0.03678588939321044, 0.03678588939321044, 0.03678588939321044, 0.03678588939321044, 0.03678690488409464, 0.03678588939321044, 0.03678588939321044, 0.03678588939321044, 0.03678588939321044, 0.03678588939321044], [0.03678588945014204, 0.5585679442856711, 0.03678588945014204, 0.03678588945014204, 0.03678588945014204, 0.03678588945014204, 0.03678588945014204, 0.036787271762766555, 0.03678588945014204, 0.03678588945014204, 0.03678588945014204, 0.03678588945014204, 0.03678588945014204], [0.03678588939742801, 0.5585681215668176, 0.03678588939742801, 0.03678588939742801, 0.03678588939742801, 0.03678588939742801, 0.03678588939742801, 0.03678709506147443, 0.03678588939742801, 0.03678588939742801, 0.03678588939742801, 0.03678588939742801, 0.03678588939742801], [0.03678588938832386, 0.5585682700451503, 0.03678588938832386, 0.03678588938832386, 0.03678588938832386, 0.03678588938832386, 0.03678588938832386, 0.03678694668328715, 0.03678588938832386, 0.03678588938832386, 0.03678588938832386, 0.03678588938832386, 0.03678588938832386], [0.03678588937075406, 0.5585680954582173, 0.03678588937075406, 0.03678588937075406, 0.03678588937075406, 0.03678588937075406, 0.03678588937075406, 0.03678712146348805, 0.03678588937075406, 0.03678588937075406, 0.03678588937075406, 0.03678588937075406, 0.03678588937075406], [0.03678588935833169, 0.558568114504716, 0.03678588935833169, 0.03678588935833169, 0.03678588935833169, 0.03678588935833169, 0.03678588935833169, 0.03678710255363542, 0.03678588935833169, 0.03678588935833169, 0.03678588935833169, 0.03678588935833169, 0.03678588935833169], [0.036785889356986075, 0.5585671192032914, 0.036785889356986075, 0.036785889356986075, 0.036785889356986075, 0.036785889356986075, 0.036785889356986075, 0.03678809786986208, 0.036785889356986075, 0.036785889356986075, 0.036785889356986075, 0.036785889356986075, 0.036785889356986075], [0.03678588966440911, 0.5585682704099516, 0.03678588966440911, 0.03678588966440911, 0.03678588966440911, 0.03678588966440911, 0.03678588966440911, 0.036786943281548294, 0.03678588966440911, 0.03678588966440911, 0.03678588966440911, 0.03678588966440911, 0.03678588966440911], [0.03678588954056423, 0.5585681267901679, 0.03678588954056423, 0.03678588954056423, 0.03678588954056423, 0.03678588954056423, 0.03678588954056423, 0.036787088263625665, 0.03678588954056423, 0.03678588954056423, 0.03678588954056423, 0.03678588954056423, 0.03678588954056423], [0.03678588945445984, 0.5585682270811351, 0.03678588945445984, 0.03678588945445984, 0.03678588945445984, 0.03678588945445984, 0.03678588945445984, 0.036786988919806654, 0.03678588945445984, 0.03678588945445984, 0.03678588945445984, 0.03678588945445984, 0.03678588945445984], [0.03678588955995784, 0.5585682545612343, 0.03678588955995784, 0.03678588955995784, 0.03678588955995784, 0.03678588955995784, 0.03678588955995784, 0.036786960279229494, 0.03678588955995784, 0.03678588955995784, 0.03678588955995784, 0.03678588955995784, 0.03678588955995784], [0.03678588943489748, 0.5585675740276504, 0.03678588943489748, 0.03678588943489748, 0.03678588943489748, 0.03678588943489748, 0.03678588943489748, 0.036787642188477215, 0.03678588943489748, 0.03678588943489748, 0.03678588943489748, 0.03678588943489748, 0.03678588943489748], [0.03678588948428533, 0.5585682603127633, 0.03678588948428533, 0.03678588948428533, 0.03678588948428533, 0.03678588948428533, 0.03678588948428533, 0.036786955360098135, 0.03678588948428533, 0.03678588948428533, 0.03678588948428533, 0.03678588948428533, 0.03678588948428533], [0.03678588946807295, 0.5585682254678345, 0.03678588946807295, 0.03678588946807295, 0.03678588946807295, 0.03678588946807295, 0.03678588946807295, 0.03678699038336299, 0.03678588946807295, 0.03678588946807295, 0.03678588946807295, 0.03678588946807295, 0.03678588946807295], [0.03678588963563371, 0.5585681885720222, 0.03678588963563371, 0.03678588963563371, 0.03678588963563371, 0.03678588963563371, 0.03678588963563371, 0.03678702543600707, 0.03678588963563371, 0.03678588963563371, 0.03678588963563371, 0.03678588963563371, 0.03678588963563371], [0.03678588947380059, 0.5585682886412473, 0.03678588947380059, 0.03678588947380059, 0.03678588947380059, 0.03678588947380059, 0.03678588947380059, 0.03678692714694614, 0.03678588947380059, 0.03678588947380059, 0.03678588947380059, 0.03678588947380059, 0.03678588947380059], [0.03678588935399492, 0.5585680882565279, 0.03678588935399492, 0.03678588935399492, 0.03678588935399492, 0.03678588935399492, 0.03678588935399492, 0.03678712884952786, 0.03678588935399492, 0.03678588935399492, 0.03678588935399492, 0.03678588935399492, 0.03678588935399492], [0.0367858894712827, 0.5585682237542945, 0.0367858894712827, 0.0367858894712827, 0.0367858894712827, 0.0367858894712827, 0.0367858894712827, 0.03678699206159537, 0.0367858894712827, 0.0367858894712827, 0.0367858894712827, 0.0367858894712827, 0.0367858894712827], [0.03678588941096828, 0.5585682835191946, 0.03678588941096828, 0.03678588941096828, 0.03678588941096828, 0.03678588941096828, 0.03678588941096828, 0.03678693296015407, 0.03678588941096828, 0.03678588941096828, 0.03678588941096828, 0.03678588941096828, 0.03678588941096828], [0.036785889455206285, 0.5585681446705891, 0.036785889455206285, 0.036785889455206285, 0.036785889455206285, 0.036785889455206285, 0.036785889455206285, 0.03678707132214178, 0.036785889455206285, 0.036785889455206285, 0.036785889455206285, 0.036785889455206285, 0.036785889455206285], [0.036785889487841325, 0.5585682170931892, 0.036785889487841325, 0.036785889487841325, 0.036785889487841325, 0.036785889487841325, 0.036785889487841325, 0.036786998540556504, 0.036785889487841325, 0.036785889487841325, 0.036785889487841325, 0.036785889487841325, 0.036785889487841325], [0.03678588947142818, 0.5585683063257476, 0.03678588947142818, 0.03678588947142818, 0.03678588947142818, 0.03678588947142818, 0.03678588947142818, 0.03678690948854203, 0.03678588947142818, 0.03678588947142818, 0.03678588947142818, 0.03678588947142818, 0.03678588947142818], [0.036785889396144446, 0.5585682955739176, 0.036785889396144446, 0.036785889396144446, 0.036785889396144446, 0.036785889396144446, 0.036785889396144446, 0.03678692106849331, 0.036785889396144446, 0.036785889396144446, 0.036785889396144446, 0.036785889396144446, 0.036785889396144446], [0.03678588937677042, 0.5585682888019637, 0.03678588937677042, 0.03678588937677042, 0.03678588937677042, 0.03678588937677042, 0.03678588937677042, 0.03678692805356155, 0.03678588937677042, 0.03678588937677042, 0.03678588937677042, 0.03678588937677042, 0.03678588937677042], [0.03678588972494612, 0.5585683075203408, 0.03678588972494612, 0.03678588972494612, 0.03678588972494612, 0.03678588972494612, 0.03678588972494612, 0.0367869055052517, 0.03678588972494612, 0.03678588972494612, 0.03678588972494612, 0.03678588972494612, 0.03678588972494612], [0.036785889807100465, 0.5585682283531099, 0.036785889807100465, 0.036785889807100465, 0.036785889807100465, 0.036785889807100465, 0.036785889807100465, 0.03678698376878518, 0.036785889807100465, 0.036785889807100465, 0.036785889807100465, 0.036785889807100465, 0.036785889807100465], [0.03678588939803848, 0.5585682650192895, 0.03678588939803848, 0.03678588939803848, 0.03678588939803848, 0.03678588939803848, 0.03678588939803848, 0.036786951602287406, 0.03678588939803848, 0.03678588939803848, 0.03678588939803848, 0.03678588939803848, 0.03678588939803848], [0.03678588939785265, 0.5585683107575878, 0.03678588939785265, 0.03678588939785265, 0.03678588939785265, 0.03678588939785265, 0.03678588939785265, 0.03678690586603267, 0.03678588939785265, 0.03678588939785265, 0.03678588939785265, 0.03678588939785265, 0.03678588939785265], [0.036785889395731686, 0.5585682504800482, 0.036785889395731686, 0.036785889395731686, 0.036785889395731686, 0.036785889395731686, 0.036785889395731686, 0.03678696616690334, 0.036785889395731686, 0.036785889395731686, 0.036785889395731686, 0.036785889395731686, 0.036785889395731686], [0.03678588946280875, 0.558568315586978, 0.03678588946280875, 0.03678588946280875, 0.03678588946280875, 0.03678588946280875, 0.03678588946280875, 0.0367869003221256, 0.03678588946280875, 0.03678588946280875, 0.03678588946280875, 0.03678588946280875, 0.03678588946280875], [0.036785889369287054, 0.5585682640608399, 0.036785889369287054, 0.036785889369287054, 0.036785889369287054, 0.036785889369287054, 0.036785889369287054, 0.03678695287700229, 0.036785889369287054, 0.036785889369287054, 0.036785889369287054, 0.036785889369287054, 0.036785889369287054], [0.036785889451374586, 0.5585675801705262, 0.036785889451374586, 0.036785889451374586, 0.036785889451374586, 0.036785889451374586, 0.036785889451374586, 0.03678763586435316, 0.036785889451374586, 0.036785889451374586, 0.036785889451374586, 0.036785889451374586, 0.036785889451374586], [0.03678588936595823, 0.5585681678012252, 0.03678588936595823, 0.03678588936595823, 0.03678588936595823, 0.03678588936595823, 0.03678588936595823, 0.036787049173234394, 0.03678588936595823, 0.03678588936595823, 0.03678588936595823, 0.03678588936595823, 0.03678588936595823], [0.036785889411425535, 0.5585682484165355, 0.036785889411425535, 0.036785889411425535, 0.036785889411425535, 0.036785889411425535, 0.036785889411425535, 0.0367869680577836, 0.036785889411425535, 0.036785889411425535, 0.036785889411425535, 0.036785889411425535, 0.036785889411425535], [0.036785889507215036, 0.5585683040500269, 0.036785889507215036, 0.036785889507215036, 0.036785889507215036, 0.036785889507215036, 0.036785889507215036, 0.03678691137060796, 0.036785889507215036, 0.036785889507215036, 0.036785889507215036, 0.036785889507215036, 0.036785889507215036], [0.036785889428447446, 0.5585671618430279, 0.036785889428447446, 0.036785889428447446, 0.036785889428447446, 0.036785889428447446, 0.036785889428447446, 0.036788054444050006, 0.036785889428447446, 0.036785889428447446, 0.036785889428447446, 0.036785889428447446, 0.036785889428447446], [0.03678588934293378, 0.5585682014338126, 0.03678588934293378, 0.03678588934293378, 0.03678588934293378, 0.03678588934293378, 0.03678588934293378, 0.03678701579391595, 0.0